t uniform_x uniform_y chordal_x chordal_y
0 2.93898e-11 1 0 3.69522e-13 1 0
0.001 0.0376627 0.99206 0 0.185453 0.958544 0
0.002 0.0752993 0.984072 0 0.367529 0.911837 0
0.003 0.112884 0.975988 0 0.54285 0.854629 0
0.004 0.15039 0.967761 0 0.708039 0.78167 0
0.005 0.187793 0.959342 0 0.859719 0.687709 0
0.006 0.225065 0.950684 0 0.994802 0.568702 0
0.007 0.262181 0.941739 0 1.11176 0.427107 0
0.008 0.299114 0.932458 0 1.20959 0.267562 0
0.009 0.33584 0.922795 0 1.28728 0.0947078 0
0.01 0.37233 0.912702 0 1.34383 -0.086814 0
0.011 0.408561 0.902129 0 1.37829 -0.272432 0
0.012 0.444505 0.891031 0 1.39065 -0.458995 0
0.013 0.480137 0.879358 0 1.38183 -0.64468 0
0.014 0.51543 0.867062 0 1.35276 -0.827716 0
0.015 0.550359 0.854097 0 1.30438 -1.00633 0
0.016 0.584897 0.840414 0 1.23763 -1.17876 0
0.017 0.619018 0.825966 0 1.15348 -1.34325 0
0.018 0.652697 0.810703 0 1.05319 -1.49857 0
0.019 0.685907 0.79458 0 0.938221 -1.64381 0
0.02 0.718623 0.777547 0 0.810044 -1.77806 0
0.021 0.750817 0.759557 0 0.670131 -1.90042 0
0.022 0.782465 0.740562 0 0.519955 -2.00999 0
0.023 0.81354 0.720514 0 0.360986 -2.10587 0
0.024 0.844016 0.699366 0 0.194643 -2.18735 0
0.025 0.873867 0.677069 0 0.0221584 -2.2544 0
0.026 0.903069 0.653589 0 -0.155276 -2.30717 0
0.027 0.931602 0.628949 0 -0.336468 -2.34576 0
0.028 0.959449 0.603186 0 -0.520226 -2.37032 0
0.029 0.986593 0.576334 0 -0.705356 -2.38096 0
0.03 1.01302 0.548431 0 -0.890668 -2.37782 0
0.031 1.0387 0.519513 0 -1.07499 -2.36103 0
0.032 1.06363 0.489615 0 -1.25743 -2.33095 0
0.033 1.08778 0.458775 0 -1.43728 -2.28811 0
0.034 1.11114 0.427028 0 -1.61385 -2.23302 0
0.035 1.1337 0.39441 0 -1.78645 -2.16619 0
0.036 1.15542 0.360958 0 -1.95439 -2.08815 0
0.037 1.1763 0.326708 0 -2.11697 -1.99942 0
0.038 1.19633 0.291696 0 -2.27349 -1.90051 0
0.039 1.21547 0.255958 0 -2.42326 -1.79194 0
0.04 1.23371 0.219531 0 -2.56575 -1.67425 0
0.041 1.25105 0.182451 0 -2.70068 -1.54805 0
0.042 1.26744 0.144753 0 -2.82779 -1.41394 0
0.043 1.28289 0.106475 0 -2.94685 -1.2725 0
0.044 1.29738 0.0676521 0 -3.05759 -1.12435 0
0.045 1.31088 0.0283207 0 -3.15978 -0.970079 0
0.046 1.32337 -0.0114829 0 -3.25316 -0.81029 0
0.047 1.33485 -0.0517225 0 -3.33748 -0.645581 0
0.048 1.34529 -0.0923619 0 -3.41249 -0.476554 0
0.049 1.35468 -0.133365 0 -3.47799 -0.30379 0
0.05 1.36299 -0.174695 0 -3.53399 -0.127805 0
0.051 1.37022 -0.216319 0 -3.58054 0.0509092 0
0.052 1.37635 -0.258209 0 -3.61771 0.231857 0
0.053 1.38139 -0.300343 0 -3.64555 0.414546 0
0.054 1.38533 -0.342695 0 -3.66412 0.59848 0
0.055 1.38817 -0.385242 0 -3.67348 0.783167 0
0.056 1.3899 -0.427959 0 -3.6737 0.968112 0
0.057 1.39052 -0.470823 0 -3.66483 1.15282 0
0.058 1.39004 -0.513809 0 -3.64693 1.3368 0
0.059 1.38844 -0.556893 0 -3.62007 1.51956 0
0.06 1.38572 -0.600051 0 -3.5844 1.70071 0
0.061 1.38188 -0.643259 0 -3.54016 1.87994 0
0.062 1.37692 -0.686492 0 -3.48758 2.05692 0
0.063 1.37083 -0.729727 0 -3.42688 2.23134 0
0.064 1.36362 -0.772939 0 -3.35829 2.40287 0
0.065 1.35527 -0.816105 0 -3.28204 2.5712 0
0.066 1.34578 -0.859199 0 -3.19836 2.73601 0
0.067 1.33516 -0.902199 0 -3.10749 2.89699 0
0.068 1.3234 -0.945079 0 -3.00964 3.05381 0
0.069 1.31049 -0.987816 0 -2.90505 3.20616 0
0.07 1.29644 -1.03039 0 -2.79395 3.35371 0
0.071 1.28123 -1.07276 0 -2.67658 3.49621 0
0.072 1.26487 -1.11493 0 -2.55323 3.6335 0
0.073 1.24736 -1.15685 0 -2.42417 3.76543 0
0.074 1.22868 -1.19851 0 -2.28969 3.89188 0
0.075 1.20884 -1.23988 0 -2.15008 4.01271 0
0.076 1.18784 -1.28093 0 -2.00562 4.12778 0
0.077 1.16569 -1.32165 0 -1.85659 4.23695 0
0.078 1.1424 -1.362 0 -1.70328 4.34008 0
0.079 1.11798 -1.40196 0 -1.54598 4.43704 0
0.08 1.09245 -1.4415 0 -1.38497 4.52769 0
0.081 1.06582 -1.48058 0 -1.22052 4.6119 0
0.082 1.0381 -1.51919 0 -1.05294 4.68952 0
0.083 1.00931 -1.5573 0 -0.882496 4.76042 0
0.084 0.979463 -1.59488 0 -0.709461 4.82457 0
0.085 0.948568 -1.6319 0 -0.534094 4.88198 0
0.086 0.916639 -1.66833 0 -0.356655 4.93265 0
0.087 0.883691 -1.70416 0 -0.177402 4.9766 0
0.088 0.849736 -1.73934 0 0.0034051 5.01383 0
0.089 0.814787 -1.77385 0 0.185507 5.04436 0
0.09 0.778858 -1.80768 0 0.368645 5.0682 0
0.091 0.741963 -1.84078 0 0.552559 5.08536 0
0.092 0.704113 -1.87313 0 0.736991 5.09585 0
0.093 0.665323 -1.9047 0 0.921681 5.09968 0
0.094 0.625606 -1.93548 0 1.10637 5.09687 0
0.095 0.584975 -1.96542 0 1.2908 5.08742 0
0.096 0.543443 -1.9945 0 1.47471 5.07134 0
0.097 0.501024 -2.0227 0 1.65785 5.04867 0
0.098 0.45773 -2.04999 0 1.84004 5.0195 0
0.099 0.413576 -2.07634 0 2.02107 4.98395 0
0.1 0.368573 -2.10172 0 2.20078 4.94211 0
0.101 0.322739 -2.1261 0 2.37896 4.89411 0
0.102 0.276096 -2.14948 0 2.55543 4.84004 0
0.103 0.228671 -2.17184 0 2.73001 4.78003 0
0.104 0.180492 -2.19315 0 2.9025 4.71417 0
0.105 0.131583 -2.21341 0 3.07273 4.64259 0
0.106 0.0819719 -2.2326 0 3.2405 4.56538 0
0.107 0.0316848 -2.2507 0 3.40563 4.48266 0
0.108 -0.0192519 -2.26769 0 3.56793 4.39454 0
0.109 -0.0708118 -2.28358 0 3.72722 4.30113 0
0.11 -0.122969 -2.29832 0 3.8833 4.20253 0
0.111 -0.175696 -2.31193 0 4.03599 4.09886 0
0.112 -0.228967 -2.32436 0 4.18513 3.99025 0
0.113 -0.282755 -2.33562 0 4.33064 3.87684 0
0.114 -0.337035 -2.34569 0 4.4724 3.7588 0
0.115 -0.39178 -2.35454 0 4.61032 3.63627 0
0.116 -0.446962 -2.36217 0 4.74431 3.50942 0
0.117 -0.502557 -2.36856 0 4.87427 3.37841 0
0.118 -0.558537 -2.3737 0 5.0001 3.24337 0
0.119 -0.614877 -2.37756 0 5.12171 3.10449 0
0.12 -0.671549 -2.38014 0 5.23899 2.9619 0
0.121 -0.728527 -2.38141 0 5.35186 2.81576 0
0.122 -0.785785 -2.38137 0 5.46021 2.66624 0
0.123 -0.843297 -2.38 0 5.56395 2.51348 0
0.124 -0.901035 -2.37727 0 5.66298 2.35765 0
0.125 -0.958974 -2.37319 0 5.7572 2.1989 0
0.126 -1.01709 -2.36773 0 5.84653 2.03738 0
0.127 -1.07534 -2.36089 0 5.93086 1.87325 0
0.128 -1.1337 -2.35267 0 6.01013 1.70667 0
0.129 -1.19215 -2.34308 0 6.08433 1.53779 0
0.13 -1.25063 -2.33211 0 6.15346 1.36678 0
0.131 -1.30913 -2.31976 0 6.21749 1.19378 0
0.132 -1.36761 -2.30604 0 6.27642 1.01896 0
0.133 -1.42604 -2.29095 0 6.33024 0.842469 0
0.134 -1.48438 -2.27448 0 6.37893 0.664469 0
0.135 -1.54261 -2.25664 0 6.42249 0.485114 0
0.136 -1.60068 -2.23743 0 6.4609 0.304563 0
0.137 -1.65858 -2.21685 0 6.49415 0.122971 0
0.138 -1.71626 -2.19489 0 6.52223 -0.0595034 0
0.139 -1.7737 -2.17157 0 6.54513 -0.242704 0
0.14 -1.83086 -2.14688 0 6.56284 -0.426474 0
0.141 -1.8877 -2.12081 0 6.57534 -0.610655 0
0.142 -1.94421 -2.09339 0 6.58263 -0.795092 0
0.143 -2.00034 -2.06459 0 6.58469 -0.979627 0
0.144 -2.05606 -2.03442 0 6.58151 -1.1641 0
0.145 -2.11134 -2.0029 0 6.57312 -1.34838 0
0.146 -2.16616 -1.97 0 6.55955 -1.53233 0
0.147 -2.22046 -1.93574 0 6.54088 -1.71582 0
0.148 -2.27423 -1.90012 0 6.51714 -1.89874 0
0.149 -2.32743 -1.86313 0 6.4884 -2.08095 0
0.15 -2.38003 -1.82478 0 6.45472 -2.26234 0
0.151 -2.432 -1.78507 0 6.41613 -2.44277 0
0.152 -2.4833 -1.74402 0 6.3727 -2.62213 0
0.153 -2.53392 -1.70164 0 6.32449 -2.80028 0
0.154 -2.58381 -1.65796 0 6.27155 -2.9771 0
0.155 -2.63295 -1.61299 0 6.21392 -3.15247 0
0.156 -2.68132 -1.56675 0 6.15168 -3.32626 0
0.157 -2.72889 -1.51926 0 6.08486 -3.49834 0
0.158 -2.77561 -1.47054 0 6.01353 -3.6686 0
0.159 -2.82148 -1.4206 0 5.93773 -3.8369 0
0.16 -2.86645 -1.36947 0 5.85753 -4.00313 0
0.161 -2.9105 -1.31716 0 5.77298 -4.16715 0
0.162 -2.95361 -1.26369 0 5.68413 -4.32884 0
0.163 -2.99573 -1.20909 0 5.59105 -4.48809 0
0.164 -3.03685 -1.15336 0 5.49383 -4.64482 0
0.165 -3.07693 -1.09653 0 5.39256 -4.79896 0
0.166 -3.11595 -1.03861 0 5.28733 -4.95043 0
0.167 -3.15387 -0.979633 0 5.17824 -5.09916 0
0.168 -3.19068 -0.919607 0 5.06538 -5.24507 0
0.169 -3.22633 -0.858552 0 4.94884 -5.38808 0
0.17 -3.26081 -0.796487 0 4.82872 -5.52813 0
0.171 -3.29408 -0.733431 0 4.7051 -5.66514 0
0.172 -3.32611 -0.669401 0 4.57808 -5.79902 0
0.173 -3.35687 -0.604418 0 4.44776 -5.92971 0
0.174 -3.38634 -0.538499 0 4.31422 -6.05713 0
0.175 -3.41449 -0.471662 0 4.17756 -6.18121 0
0.176 -3.4413 -0.403929 0 4.03788 -6.30187 0
0.177 -3.46673 -0.33533 0 3.89525 -6.41903 0
0.178 -3.49078 -0.265897 0 3.74979 -6.53263 0
0.179 -3.51343 -0.195663 0 3.60157 -6.64258 0
0.18 -3.53467 -0.12466 0 3.4507 -6.7488 0
0.181 -3.55448 -0.0529204 0 3.29726 -6.85124 0
0.182 -3.57283 0.0195231 0 3.14135 -6.94981 0
0.183 -3.58973 0.0926382 0 2.98307 -7.04448 0
0.184 -3.60515 0.166392 0 2.82252 -7.13524 0
0.185 -3.61907 0.240753 0 2.65981 -7.22206 0
0.186 -3.63148 0.315688 0 2.49504 -7.30491 0
0.187 -3.64237 0.391164 0 2.32831 -7.38379 0
0.188 -3.65171 0.46715 0 2.15973 -7.45866 0
0.189 -3.6595 0.543612 0 1.9894 -7.52951 0
0.19 -3.66571 0.620519 0 1.81742 -7.59632 0
0.191 -3.67033 0.697838 0 1.64389 -7.65906 0
0.192 -3.67334 0.775535 0 1.46892 -7.71771 0
0.193 -3.67473 0.85358 0 1.29262 -7.77226 0
0.194 -3.67449 0.93194 0 1.11508 -7.82268 0
0.195 -3.67258 1.01058 0 0.936404 -7.86894 0
0.196 -3.66901 1.08947 0 0.756702 -7.91104 0
0.197 -3.66376 1.16858 0 0.576074 -7.94895 0
0.198 -3.6568 1.24787 0 0.394624 -7.98264 0
0.199 -3.64812 1.32732 0 0.212455 -8.01209 0
0.2 -3.63771 1.40688 0 0.0296689 -8.0373 0
0.201 -3.62555 1.48653 0 -0.15363 -8.05822 0
0.202 -3.61164 1.56623 0 -0.337339 -8.07485 0
0.203 -3.596 1.64594 0 -0.52136 -8.08718 0
0.204 -3.5786 1.72562 0 -0.705603 -8.09524 0
0.205 -3.55948 1.80524 0 -0.889978 -8.09904 0
0.206 -3.53861 1.88476 0 -1.07439 -8.09863 0
0.207 -3.51602 1.96413 0 -1.25876 -8.09401 0
0.208 -3.49169 2.04332 0 -1.44299 -8.08522 0
0.209 -3.46564 2.12229 0 -1.627 -8.07229 0
0.21 -3.43787 2.201 0 -1.81068 -8.05523 0
0.211 -3.40837 2.27942 0 -1.99395 -8.03408 0
0.212 -3.37716 2.35751 0 -2.17673 -8.00886 0
0.213 -3.34423 2.43523 0 -2.35892 -7.97959 0
0.214 -3.30959 2.51253 0 -2.54043 -7.9463 0
0.215 -3.27325 2.58939 0 -2.72117 -7.90902 0
0.216 -3.23519 2.66576 0 -2.90106 -7.86778 0
0.217 -3.19544 2.74161 0 -3.07999 -7.82259 0
0.218 -3.15398 2.81689 0 -3.25789 -7.77348 0
0.219 -3.11083 2.89157 0 -3.43466 -7.72048 0
0.22 -3.06598 2.96561 0 -3.61021 -7.66362 0
0.221 -3.01945 3.03898 0 -3.78445 -7.60291 0
0.222 -2.97122 3.11163 0 -3.95729 -7.53839 0
0.223 -2.92131 3.18353 0 -4.12864 -7.47008 0
0.224 -2.86972 3.25463 0 -4.29842 -7.39801 0
0.225 -2.81645 3.3249 0 -4.46655 -7.32223 0
0.226 -2.7615 3.39431 0 -4.63297 -7.24279 0
0.227 -2.70491 3.46281 0 -4.79762 -7.15974 0
0.228 -2.64668 3.53038 0 -4.96044 -7.07316 0
0.229 -2.58685 3.59698 0 -5.12137 -6.98308 0
0.23 -2.52543 3.66257 0 -5.28035 -6.88958 0
0.231 -2.46245 3.72713 0 -5.43731 -6.79271 0
0.232 -2.39793 3.79062 0 -5.59219 -6.69252 0
0.233 -2.3319 3.85301 0 -5.74495 -6.58908 0
0.234 -2.26438 3.91426 0 -5.8955 -6.48243 0
0.235 -2.19539 3.97434 0 -6.0438 -6.37265 0
0.236 -2.12495 4.03322 0 -6.18977 -6.25978 0
0.237 -2.05309 4.09086 0 -6.33337 -6.14388 0
0.238 -1.97983 4.14723 0 -6.47453 -6.02501 0
0.239 -1.9052 4.20229 0 -6.61318 -5.90323 0
0.24 -1.82921 4.25602 0 -6.74927 -5.7786 0
0.241 -1.75189 4.30838 0 -6.88274 -5.65116 0
0.242 -1.67327 4.35933 0 -7.01352 -5.52099 0
0.243 -1.59336 4.40885 0 -7.14156 -5.38813 0
0.244 -1.51219 4.45689 0 -7.26679 -5.25264 0
0.245 -1.42979 4.50343 0 -7.38915 -5.11459 0
0.246 -1.34617 4.54843 0 -7.50858 -4.97402 0
0.247 -1.26135 4.59186 0 -7.62503 -4.831 0
0.248 -1.17537 4.63369 0 -7.73845 -4.6856 0
0.249 -1.08825 4.67387 0 -7.84883 -4.53788 0
0.25 -1 4.71239 0 -7.95615 -4.38792 0
0.251 -0.910655 4.7492 0 -8.06036 -4.23578 0
0.252 -0.820251 4.78429 0 -8.16146 -4.08155 0
0.253 -0.728824 4.81763 0 -8.25941 -3.92528 0
0.254 -0.636416 4.84921 0 -8.35419 -3.76706 0
0.255 -0.543063 4.87902 0 -8.44577 -3.60695 0
0.256 -0.448806 4.90702 0 -8.53414 -3.44502 0
0.257 -0.353683 4.93321 0 -8.61926 -3.28134 0
0.258 -0.257733 4.95756 0 -8.7011 -3.11599 0
0.259 -0.160994 4.98006 0 -8.77966 -2.94904 0
0.26 -0.0635062 5.00068 0 -8.85489 -2.78055 0
0.261 0.0346922 5.01941 0 -8.92677 -2.6106 0
0.262 0.133562 5.03624 0 -8.99528 -2.43926 0
0.263 0.233065 5.05113 0 -9.0604 -2.2666 0
0.264 0.333162 5.06408 0 -9.12209 -2.09269 0
0.265 0.433814 5.07506 0 -9.18034 -1.9176 0
0.266 0.534982 5.08405 0 -9.23512 -1.74141 0
0.267 0.636627 5.09104 0 -9.2864 -1.56418 0
0.268 0.738711 5.09601 0 -9.33416 -1.38598 0
0.269 0.841195 5.09895 0 -9.37837 -1.2069 0
0.27 0.944039 5.09982 0 -9.41901 -1.02698 0
0.271 1.0472 5.09861 0 -9.45605 -0.84632 0
0.272 1.15065 5.09531 0 -9.4895 -0.664972 0
0.273 1.25435 5.08989 0 -9.51937 -0.483007 0
0.274 1.35825 5.08234 0 -9.54566 -0.300494 0
0.275 1.46231 5.07264 0 -9.56839 -0.117499 0
0.276 1.5665 5.06077 0 -9.58756 0.0659091 0
0.277 1.67078 5.04673 0 -9.60319 0.249664 0
0.278 1.77509 5.03053 0 -9.61528 0.433698 0
0.279 1.87939 5.01217 0 -9.62384 0.617943 0
0.28 1.98364 4.99164 0 -9.62888 0.802332 0
0.281 2.08778 4.96897 0 -9.63041 0.986798 0
0.282 2.19178 4.94414 0 -9.62844 1.17127 0
0.283 2.2956 4.91717 0 -9.62298 1.35569 0
0.284 2.39917 4.88804 0 -9.61403 1.53998 0
0.285 2.50246 4.85678 0 -9.60162 1.72407 0
0.286 2.60543 4.82338 0 -9.58574 1.90791 0
0.287 2.70802 4.78784 0 -9.5664 2.09142 0
0.288 2.8102 4.75016 0 -9.54363 2.27453 0
0.289 2.91191 4.71036 0 -9.51741 2.45717 0
0.29 3.01311 4.66843 0 -9.48777 2.63929 0
0.291 3.11375 4.62438 0 -9.45471 2.82081 0
0.292 3.2138 4.57821 0 -9.41825 3.00166 0
0.293 3.3132 4.52992 0 -9.37839 3.18178 0
0.294 3.41191 4.47951 0 -9.33513 3.36109 0
0.295 3.50988 4.427 0 -9.2885 3.53954 0
0.296 3.60707 4.37237 0 -9.2385 3.71705 0
0.297 3.70343 4.31565 0 -9.18515 3.89357 0
0.298 3.79892 4.25682 0 -9.12849 4.06905 0
0.299 3.89349 4.19589 0 -9.06857 4.24343 0
0.3 3.9871 4.13286 0 -9.0054 4.41667 0
0.301 4.0797 4.06775 0 -8.93903 4.58872 0
0.302 4.17124 4.00057 0 -8.8695 4.75951 0
0.303 4.2617 3.93136 0 -8.79683 4.92901 0
0.304 4.35102 3.86013 0 -8.72107 5.09717 0
0.305 4.43918 3.78691 0 -8.64225 5.26392 0
0.306 4.52612 3.71173 0 -8.56041 5.42923 0
0.307 4.61181 3.63462 0 -8.47557 5.59304 0
0.308 4.69621 3.5556 0 -8.38779 5.7553 0
0.309 4.77928 3.47471 0 -8.29708 5.91595 0
0.31 4.86098 3.39195 0 -8.2035 6.07496 0
0.311 4.94126 3.30737 0 -8.10707 6.23226 0
0.312 5.02009 3.22098 0 -8.00783 6.38781 0
0.313 5.09742 3.13282 0 -7.90581 6.54156 0
0.314 5.17322 3.04292 0 -7.80105 6.69345 0
0.315 5.24745 2.95128 0 -7.69359 6.84344 0
0.316 5.32006 2.85796 0 -7.58347 6.99147 0
0.317 5.39102 2.76296 0 -7.4707 7.1375 0
0.318 5.46028 2.66632 0 -7.35535 7.28147 0
0.319 5.5278 2.56806 0 -7.23743 7.42333 0
0.32 5.59355 2.46821 0 -7.11698 7.56304 0
0.321 5.65749 2.36679 0 -6.99405 7.70054 0
0.322 5.71956 2.26384 0 -6.86866 7.83577 0
0.323 5.77974 2.15938 0 -6.74085 7.96871 0
0.324 5.83798 2.05343 0 -6.61068 8.09931 0
0.325 5.89425 1.94602 0 -6.4782 8.22756 0
0.326 5.9485 1.83719 0 -6.34345 8.35343 0
0.327 6.00071 1.72696 0 -6.20649 8.47689 0
0.328 6.05085 1.61539 0 -6.06736 8.59791 0
0.329 6.0989 1.50253 0 -5.92611 8.71647 0
0.33 6.14484 1.38841 0 -5.7828 8.83255 0
0.331 6.18865 1.27309 0 -5.63748 8.94611 0
0.332 6.23029 1.1566 0 -5.49019 9.05713 0
0.333 6.26975 1.039 0 -5.34099 9.16558 0
0.334 6.307 0.920322 0 -5.18992 9.27145 0
0.335 6.34202 0.800618 0 -5.03704 9.37469 0
0.336 6.37479 0.679932 0 -4.88239 9.47529 0
0.337 6.40528 0.558308 0 -4.72603 9.57322 0
0.338 6.43346 0.435792 0 -4.56801 9.66845 0
0.339 6.45932 0.312428 0 -4.40837 9.76096 0
0.34 6.48283 0.188262 0 -4.24716 9.85072 0
0.341 6.50396 0.0633384 0 -4.08445 9.9377 0
0.342 6.5227 -0.0622977 0 -3.92026 10.0219 0
0.343 6.53902 -0.188601 0 -3.75467 10.1032 0
0.344 6.55289 -0.315527 0 -3.58771 10.1817 0
0.345 6.5643 -0.443031 0 -3.41943 10.2573 0
0.346 6.57321 -0.571067 0 -3.24989 10.33 0
0.347 6.57961 -0.69959 0 -3.07914 10.3998 0
0.348 6.58346 -0.828556 0 -2.90723 10.4666 0
0.349 6.58476 -0.957919 0 -2.7342 10.5305 0
0.35 6.58346 -1.08764 0 -2.5601 10.5913 0
0.351 6.57957 -1.21766 0 -2.385 10.6491 0
0.352 6.57306 -1.34793 0 -2.20893 10.7038 0
0.353 6.56394 -1.47841 0 -2.03196 10.7556 0
0.354 6.55221 -1.60903 0 -1.85412 10.8043 0
0.355 6.53788 -1.73975 0 -1.67549 10.85 0
0.356 6.52094 -1.8705 0 -1.4961 10.8927 0
0.357 6.5014 -2.00124 0 -1.316 10.9324 0
0.358 6.47926 -2.13192 0 -1.13526 10.969 0
0.359 6.45451 -2.26247 0 -0.953921 11.0026 0
0.36 6.42716 -2.39285 0 -0.772035 11.0332 0
0.361 6.39721 -2.523 0 -0.589654 11.0608 0
0.362 6.36466 -2.65287 0 -0.406831 11.0853 0
0.363 6.32951 -2.7824 0 -0.223617 11.1069 0
0.364 6.29176 -2.91155 0 -0.0400635 11.1254 0
0.365 6.25141 -3.04025 0 0.143777 11.1408 0
0.366 6.20847 -3.16845 0 0.327853 11.1533 0
0.367 6.16294 -3.29611 0 0.512112 11.1627 0
0.368 6.11481 -3.42316 0 0.696503 11.169 0
0.369 6.06408 -3.54956 0 0.880974 11.1724 0
0.37 6.01077 -3.67524 0 1.06547 11.1727 0
0.371 5.95486 -3.80016 0 1.24995 11.17 0
0.372 5.89637 -3.92427 0 1.43435 11.1643 0
0.373 5.83528 -4.0475 0 1.61862 11.1555 0
0.374 5.77161 -4.16981 0 1.80272 11.1437 0
0.375 5.70535 -4.29114 0 1.98658 11.1289 0
0.376 5.63651 -4.41144 0 2.17016 11.1111 0
0.377 5.56511 -4.53065 0 2.35341 11.0902 0
0.378 5.49118 -4.64874 0 2.53627 11.0663 0
0.379 5.41474 -4.76565 0 2.71869 11.0393 0
0.38 5.33584 -4.88133 0 2.90063 11.0094 0
0.381 5.25448 -4.99574 0 3.08205 10.9764 0
0.382 5.17071 -5.10882 0 3.2629 10.9405 0
0.383 5.08454 -5.22052 0 3.44315 10.9016 0
0.384 4.99602 -5.33081 0 3.62274 10.8599 0
0.385 4.90516 -5.43961 0 3.80164 10.8152 0
0.386 4.81199 -5.5469 0 3.9798 10.7676 0
0.387 4.71654 -5.65262 0 4.15719 10.7171 0
0.388 4.61884 -5.75672 0 4.33375 10.6639 0
0.389 4.51891 -5.85915 0 4.50945 10.6078 0
0.39 4.41679 -5.95986 0 4.68424 10.5489 0
0.391 4.31251 -6.05881 0 4.85808 10.4872 0
0.392 4.20608 -6.15594 0 5.03093 10.4228 0
0.393 4.09754 -6.25121 0 5.20275 10.3556 0
0.394 3.98692 -6.34456 0 5.37349 10.2858 0
0.395 3.87424 -6.43596 0 5.54311 10.2132 0
0.396 3.75954 -6.52534 0 5.71157 10.138 0
0.397 3.64283 -6.61266 0 5.87883 10.0601 0
0.398 3.52415 -6.69788 0 6.04483 9.9796 0
0.399 3.40353 -6.78093 0 6.20955 9.8965 0
0.4 3.28099 -6.86178 0 6.37294 9.81081 0
0.401 3.15657 -6.94038 0 6.53495 9.72256 0
0.402 3.0303 -7.01669 0 6.69555 9.63177 0
0.403 2.90225 -7.09068 0 6.85468 9.53847 0
0.404 2.77246 -7.16232 0 7.01231 9.44266 0
0.405 2.64099 -7.23158 0 7.1684 9.34438 0
0.406 2.50787 -7.29843 0 7.3229 9.24365 0
0.407 2.37317 -7.36284 0 7.47577 9.14048 0
0.408 2.23694 -7.42477 0 7.62697 9.0349 0
0.409 2.09921 -7.4842 0 7.77646 8.92694 0
0.41 1.96005 -7.54109 0 7.9242 8.81662 0
0.411 1.81951 -7.59541 0 8.07018 8.70398 0
0.412 1.67762 -7.64714 0 8.21437 8.58906 0
0.413 1.53446 -7.69623 0 8.35674 8.47189 0
0.414 1.39005 -7.74267 0 8.49726 8.35251 0
0.415 1.24447 -7.78641 0 8.63592 8.23095 0
0.416 1.09775 -7.82742 0 8.77268 8.10726 0
0.417 0.949939 -7.86569 0 8.90752 7.98145 0
0.418 0.801098 -7.90116 0 9.0404 7.85358 0
0.419 0.651274 -7.93382 0 9.17132 7.72368 0
0.42 0.500516 -7.96363 0 9.30024 7.59177 0
0.421 0.348875 -7.99056 0 9.42713 7.4579 0
0.422 0.196401 -8.01458 0 9.55197 7.32211 0
0.423 0.0431438 -8.03566 0 9.67473 7.18442 0
0.424 -0.110846 -8.05377 0 9.79539 7.04487 0
0.425 -0.265518 -8.06887 0 9.91392 6.90351 0
0.426 -0.42082 -8.08094 0 10.0303 6.76036 0
0.427 -0.576692 -8.08996 0 10.1445 6.61546 0
0.428 -0.733072 -8.09595 0 10.2565 6.46885 0
0.429 -0.889899 -8.09889 0 10.3662 6.32055 0
0.43 -1.04711 -8.09878 0 10.4737 6.17062 0
0.431 -1.20464 -8.09561 0 10.5789 6.01907 0
0.432 -1.36244 -8.08939 0 10.6818 5.86596 0
0.433 -1.52043 -8.0801 0 10.7824 5.71131 0
0.434 -1.67856 -8.06775 0 10.8806 5.55515 0
0.435 -1.83677 -8.05233 0 10.9764 5.39753 0
0.436 -1.99498 -8.03384 0 11.0698 5.23848 0
0.437 -2.15315 -8.01226 0 11.1608 5.07804 0
0.438 -2.31121 -7.98761 0 11.2493 4.91624 0
0.439 -2.4691 -7.95988 0 11.3353 4.75312 0
0.44 -2.62675 -7.92905 0 11.4188 4.5887 0
0.441 -2.78411 -7.89513 0 11.4998 4.42304 0
0.442 -2.9411 -7.85812 0 11.5782 4.25618 0
0.443 -3.09768 -7.81801 0 11.6541 4.08814 0
0.444 -3.25377 -7.77479 0 11.7274 3.91898 0
0.445 -3.40932 -7.72847 0 11.7982 3.74873 0
0.446 -3.56427 -7.67903 0 11.8665 3.57743 0
0.447 -3.71855 -7.62648 0 11.9322 3.40513 0
0.448 -3.87209 -7.57082 0 11.9953 3.23186 0
0.449 -4.02485 -7.51203 0 12.0558 3.05766 0
0.45 -4.17675 -7.45011 0 12.1138 2.88258 0
0.451 -4.32774 -7.38507 0 12.1691 2.70665 0
0.452 -4.47776 -7.31693 0 12.2219 2.52992 0
0.453 -4.62674 -7.24571 0 12.2721 2.35242 0
0.454 -4.77463 -7.17144 0 12.3196 2.1742 0
0.455 -4.92136 -7.09416 0 12.3646 1.99529 0
0.456 -5.06689 -7.01387 0 12.4069 1.81574 0
0.457 -5.21115 -6.93063 0 12.4466 1.63558 0
0.458 -5.35408 -6.84444 0 12.4837 1.45486 0
0.459 -5.49563 -6.75534 0 12.5181 1.27362 0
0.46 -5.63572 -6.66335 0 12.5499 1.09189 0
0.461 -5.77432 -6.56851 0 12.579 0.909714 0
0.462 -5.91135 -6.47084 0 12.6055 0.727138 0
0.463 -6.04676 -6.37036 0 12.6293 0.544199 0
0.464 -6.18049 -6.2671 0 12.6504 0.360937 0
0.465 -6.31247 -6.1611 0 12.6689 0.177393 0
0.466 -6.44266 -6.05238 0 12.6847 -0.00639434 0
0.467 -6.57099 -5.94095 0 12.6978 -0.190383 0
0.468 -6.6974 -5.82687 0 12.7081 -0.374534 0
0.469 -6.82184 -5.71014 0 12.7158 -0.558807 0
0.47 -6.94424 -5.59079 0 12.7208 -0.743162 0
0.471 -7.06455 -5.46886 0 12.7231 -0.927557 0
0.472 -7.18271 -5.34438 0 12.7226 -1.11195 0
0.473 -7.29865 -5.21736 0 12.7195 -1.29631 0
0.474 -7.41233 -5.08783 0 12.7136 -1.4806 0
0.475 -7.52367 -4.95583 0 12.705 -1.66478 0
0.476 -7.63263 -4.82138 0 12.6938 -1.84882 0
0.477 -7.73916 -4.68453 0 12.6799 -2.03267 0
0.478 -7.84322 -4.54535 0 12.6633 -2.21631 0
0.479 -7.94477 -4.40387 0 12.6441 -2.3997 0
0.48 -8.04376 -4.26016 0 12.6222 -2.5828 0
0.481 -8.14017 -4.11427 0 12.5978 -2.76557 0
0.482 -8.23394 -3.96625 0 12.5707 -2.94799 0
0.483 -8.32503 -3.81616 0 12.541 -3.13001 0
0.484 -8.41341 -3.66406 0 12.5087 -3.3116 0
0.485 -8.49904 -3.50999 0 12.4739 -3.49272 0
0.486 -8.58186 -3.35401 0 12.4365 -3.67334 0
0.487 -8.66185 -3.19617 0 12.3965 -3.85342 0
0.488 -8.73896 -3.03653 0 12.354 -4.03292 0
0.489 -8.81314 -2.87514 0 12.309 -4.21182 0
0.49 -8.88437 -2.71206 0 12.2615 -4.39006 0
0.491 -8.9526 -2.54734 0 12.2114 -4.56763 0
0.492 -9.01778 -2.38104 0 12.1589 -4.74447 0
0.493 -9.07988 -2.2132 0 12.1039 -4.92056 0
0.494 -9.13885 -2.04389 0 12.0464 -5.09586 0
0.495 -9.19466 -1.87315 0 11.9865 -5.27034 0
0.496 -9.24726 -1.70104 0 11.9241 -5.44395 0
0.497 -9.29661 -1.52762 0 11.8593 -5.61667 0
0.498 -9.34268 -1.35294 0 11.7921 -5.78845 0
0.499 -9.38541 -1.17704 0 11.7224 -5.95926 0
0.5 -9.42478 -1 0 11.6504 -6.12906 0
0.501 -9.46074 -0.821859 0 11.576 -6.29782 0
0.502 -9.49327 -0.642689 0 11.4992 -6.46551 0
0.503 -9.52238 -0.462559 0 11.42 -6.63208 0
0.504 -9.54804 -0.28154 0 11.3385 -6.7975 0
0.505 -9.57024 -0.0997013 0 11.2547 -6.96174 0
0.506 -9.58898 0.0828877 0 11.1685 -7.12476 0
0.507 -9.60424 0.266157 0 11.08 -7.28653 0
0.508 -9.61601 0.450036 0 10.9893 -7.44704 0
0.509 -9.62428 0.634456 0 10.8963 -7.60625 0
0.51 -9.62903 0.819346 0 10.8011 -7.76414 0
0.511 -9.63027 1.00464 0 10.7037 -7.92069 0
0.512 -9.62797 1.19026 0 10.6041 -8.07587 0
0.513 -9.62212 1.37614 0 10.5024 -8.22966 0
0.514 -9.61272 1.56222 0 10.3985 -8.38202 0
0.515 -9.59975 1.74841 0 10.2926 -8.53295 0
0.516 -9.58321 1.93466 0 10.1845 -8.68241 0
0.517 -9.56307 2.12089 0 10.0744 -8.83038 0
0.518 -9.53933 2.30703 0 9.96234 -8.97683 0
0.519 -9.51198 2.49302 0 9.84823 -9.12174 0
0.52 -9.48101 2.67877 0 9.73216 -9.26508 0
0.521 -9.4464 2.86423 0 9.61413 -9.40684 0
0.522 -9.40815 3.04932 0 9.49418 -9.54697 0
0.523 -9.36624 3.23397 0 9.37233 -9.68547 0
0.524 -9.32066 3.41812 0 9.24861 -9.8223 0
0.525 -9.27141 3.60169 0 9.12304 -9.95745 0
0.526 -9.21846 3.78461 0 8.99565 -10.0909 0
0.527 -9.16186 3.96682 0 8.86646 -10.2226 0
0.528 -9.10161 4.14824 0 8.73549 -10.3525 0
0.529 -9.03774 4.32881 0 8.60278 -10.4806 0
0.53 -8.97027 4.50845 0 8.46834 -10.607 0
0.531 -8.89924 4.68709 0 8.33221 -10.7314 0
0.532 -8.82466 4.86467 0 8.1944 -10.8541 0
0.533 -8.74655 5.04111 0 8.05494 -10.9748 0
0.534 -8.66495 5.21635 0 7.91387 -11.0936 0
0.535 -8.57986 5.39032 0 7.77119 -11.2105 0
0.536 -8.49133 5.56294 0 7.62694 -11.3255 0
0.537 -8.39937 5.73415 0 7.48114 -11.4384 0
0.538 -8.304 5.90387 0 7.33382 -11.5493 0
0.539 -8.20526 6.07204 0 7.18501 -11.6582 0
0.54 -8.10315 6.23859 0 7.03472 -11.7651 0
0.541 -7.99772 6.40345 0 6.88298 -11.8698 0
0.542 -7.88897 6.56655 0 6.72983 -11.9725 0
0.543 -7.77694 6.72781 0 6.5753 -12.0731 0
0.544 -7.66165 6.88717 0 6.41942 -12.1715 0
0.545 -7.54312 7.04456 0 6.26222 -12.2679 0
0.546 -7.42137 7.19991 0 6.10373 -12.3621 0
0.547 -7.29644 7.35315 0 5.94398 -12.4542 0
0.548 -7.16834 7.5042 0 5.78301 -12.5441 0
0.549 -7.0371 7.65301 0 5.62084 -12.6319 0
0.55 -6.90274 7.7995 0 5.45751 -12.7175 0
0.551 -6.76529 7.9436 0 5.29305 -12.8009 0
0.552 -6.6248 8.08526 0 5.12749 -12.8822 0
0.553 -6.48133 8.22443 0 4.96086 -12.9612 0
0.554 -6.33493 8.36104 0 4.79319 -13.038 0
0.555 -6.18566 8.49506 0 4.62451 -13.1127 0
0.556 -6.03357 8.62643 0 4.45486 -13.1851 0
0.557 -5.87872 8.75509 0 4.28426 -13.2552 0
0.558 -5.72117 8.88099 0 4.11275 -13.3231 0
0.559 -5.56098 9.00409 0 3.94037 -13.3888 0
0.56 -5.39818 9.12432 0 3.76713 -13.4522 0
0.561 -5.23286 9.24164 0 3.59307 -13.5133 0
0.562 -5.06505 9.35599 0 3.41822 -13.5721 0
0.563 -4.89482 9.46732 0 3.24262 -13.6287 0
0.564 -4.72222 9.57557 0 3.0663 -13.6829 0
0.565 -4.5473 9.68071 0 2.88928 -13.7348 0
0.566 -4.37013 9.78266 0 2.7116 -13.7844 0
0.567 -4.19075 9.88139 0 2.53329 -13.8317 0
0.568 -4.00923 9.97683 0 2.35438 -13.8766 0
0.569 -3.82562 10.0689 0 2.1749 -13.9191 0
0.57 -3.63998 10.1577 0 1.99488 -13.9593 0
0.571 -3.45236 10.2429 0 1.81436 -13.9971 0
0.572 -3.26281 10.3247 0 1.63337 -14.0326 0
0.573 -3.0714 10.403 0 1.45193 -14.0656 0
0.574 -2.87818 10.4776 0 1.27008 -14.0962 0
0.575 -2.6832 10.5486 0 1.08785 -14.1244 0
0.576 -2.48653 10.6159 0 0.905277 -14.1502 0
0.577 -2.28823 10.6795 0 0.722382 -14.1736 0
0.578 -2.08839 10.7393 0 0.539199 -14.1946 0
0.579 -1.88708 10.7954 0 0.355758 -14.2131 0
0.58 -1.68438 10.8477 0 0.172091 -14.2292 0
0.581 -1.48036 10.8961 0 -0.0117736 -14.2429 0
0.582 -1.2751 10.9408 0 -0.195805 -14.2543 0
0.583 -1.06869 10.9816 0 -0.379972 -14.2632 0
0.584 -0.861181 11.0185 0 -0.564245 -14.2697 0
0.585 -0.652669 11.0515 0 -0.748594 -14.2739 0
0.586 -0.443225 11.0806 0 -0.932988 -14.2757 0
0.587 -0.232925 11.1058 0 -1.1174 -14.2751 0
0.588 -0.021848 11.127 0 -1.30179 -14.2721 0
0.589 0.189931 11.1442 0 -1.48614 -14.2668 0
0.59 0.402334 11.1575 0 -1.67041 -14.2591 0
0.591 0.615286 11.1667 0 -1.85458 -14.249 0
0.592 0.828709 11.1719 0 -2.03861 -14.2366 0
0.593 1.04253 11.173 0 -2.22248 -14.2219 0
0.594 1.25666 11.17 0 -2.40615 -14.2048 0
0.595 1.47104 11.1629 0 -2.58959 -14.1854 0
0.596 1.68558 11.1517 0 -2.77277 -14.1637 0
0.597 1.9002 11.1364 0 -2.95567 -14.1396 0
0.598 2.11484 11.1168 0 -3.13825 -14.1132 0
0.599 2.32941 11.0931 0 -3.32048 -14.0846 0
0.6 2.54384 11.0652 0 -3.50233 -14.0536 0
0.601 2.75805 11.0331 0 -3.68377 -14.0203 0
0.602 2.97196 10.9967 0 -3.86477 -13.9847 0
0.603 3.18549 10.9561 0 -4.04531 -13.9468 0
0.604 3.39855 10.9114 0 -4.22534 -13.9066 0
0.605 3.61108 10.8625 0 -4.40485 -13.8642 0
0.606 3.82298 10.8094 0 -4.58379 -13.8195 0
0.607 4.03417 10.7523 0 -4.76215 -13.7725 0
0.608 4.24459 10.691 0 -4.93988 -13.7232 0
0.609 4.45413 10.6256 0 -5.11697 -13.6717 0
0.61 4.66273 10.5562 0 -5.29337 -13.6179 0
0.611 4.87031 10.4827 0 -5.46906 -13.5619 0
0.612 5.07677 10.4051 0 -5.64401 -13.5036 0
0.613 5.28205 10.3235 0 -5.81819 -13.4431 0
0.614 5.48606 10.238 0 -5.99157 -13.3803 0
0.615 5.68871 10.1484 0 -6.16412 -13.3154 0
0.616 5.88994 10.0549 0 -6.33583 -13.2482 0
0.617 6.08966 9.95742 0 -6.50668 -13.1789 0
0.618 6.28778 9.85602 0 -6.67663 -13.1074 0
0.619 6.48424 9.75069 0 -6.84566 -13.0338 0
0.62 6.67893 9.64147 0 -7.01376 -12.958 0
0.621 6.8718 9.52837 0 -7.1809 -12.8802 0
0.622 7.06275 9.41141 0 -7.34706 -12.8002 0
0.623 7.2517 9.2906 0 -7.51221 -12.7182 0
0.624 7.43858 9.16596 0 -7.67633 -12.6341 0
0.625 7.6233 9.03751 0 -7.83939 -12.548 0
0.626 7.80578 8.90528 0 -8.00138 -12.4598 0
0.627 7.98597 8.76931 0 -8.16228 -12.3697 0
0.628 8.16378 8.62966 0 -8.32205 -12.2775 0
0.629 8.33916 8.48638 0 -8.48067 -12.1834 0
0.63 8.51203 8.33953 0 -8.63813 -12.0873 0
0.631 8.68235 8.18916 0 -8.79439 -11.9893 0
0.632 8.85003 8.03533 0 -8.94945 -11.8894 0
0.633 9.01501 7.87809 0 -9.10326 -11.7876 0
0.634 9.17723 7.71751 0 -9.25582 -11.6839 0
0.635 9.33662 7.55362 0 -9.40709 -11.5783 0
0.636 9.49312 7.3865 0 -9.55705 -11.4709 0
0.637 9.64666 7.21618 0 -9.70569 -11.3616 0
0.638 9.79718 7.04274 0 -9.85297 -11.2506 0
0.639 9.9446 6.86622 0 -9.99888 -11.1377 0
0.64 10.0889 6.68668 0 -10.1434 -11.023 0
0.641 10.2299 6.50417 0 -10.2865 -10.9066 0
0.642 10.3677 6.31875 0 -10.4281 -10.7884 0
0.643 10.5021 6.13047 0 -10.5683 -10.6686 0
0.644 10.6331 5.9394 0 -10.707 -10.547 0
0.645 10.7606 5.74557 0 -10.8441 -10.4237 0
0.646 10.8845 5.54906 0 -10.9798 -10.2987 0
0.647 11.0049 5.34991 0 -11.1139 -10.172 0
0.648 11.1215 5.14818 0 -11.2463 -10.0438 0
0.649 11.2344 4.94392 0 -11.3772 -9.91385 0
0.65 11.3435 4.7372 0 -11.5065 -9.78234 0
0.651 11.4488 4.52806 0 -11.6341 -9.64923 0
0.652 11.5501 4.31659 0 -11.76 -9.51456 0
0.653 11.6474 4.10287 0 -11.8843 -9.37833 0
0.654 11.7408 3.88697 0 -12.0068 -9.24058 0
0.655 11.8302 3.66899 0 -12.1276 -9.10133 0
0.656 11.9155 3.44901 0 -12.2468 -8.9606 0
0.657 11.9968 3.2271 0 -12.3642 -8.81842 0
0.658 12.0739 3.00335 0 -12.4798 -8.67482 0
0.659 12.1469 2.77784 0 -12.5937 -8.52981 0
0.66 12.2157 2.55065 0 -12.7058 -8.38343 0
0.661 12.2803 2.32186 0 -12.8161 -8.23568 0
0.662 12.3407 2.09157 0 -12.9247 -8.08661 0
0.663 12.3967 1.85984 0 -13.0314 -7.93624 0
0.664 12.4485 1.62676 0 -13.1363 -7.78458 0
0.665 12.4959 1.39242 0 -13.2394 -7.63167 0
0.666 12.5389 1.15689 0 -13.3407 -7.47752 0
0.667 12.5775 0.920252 0 -13.4401 -7.32216 0
0.668 12.6116 0.682597 0 -13.5376 -7.16562 0
0.669 12.6413 0.444002 0 -13.6333 -7.00792 0
0.67 12.6665 0.204551 0 -13.7271 -6.84908 0
0.671 12.6871 -0.0356765 0 -13.8189 -6.68914 0
0.672 12.7031 -0.276597 0 -13.9089 -6.5281 0
0.673 12.7145 -0.518129 0 -13.997 -6.366 0
0.674 12.7212 -0.76019 0 -14.0831 -6.20287 0
0.675 12.7232 -1.0027 0 -14.1672 -6.03872 0
0.676 12.7206 -1.24557 0 -14.2494 -5.87358 0
0.677 12.7132 -1.48872 0 -14.3297 -5.70747 0
0.678 12.7011 -1.73204 0 -14.4079 -5.54042 0
0.679 12.6843 -1.97546 0 -14.4842 -5.37246 0
0.68 12.6629 -2.21888 0 -14.5584 -5.2036 0
0.681 12.6368 -2.46221 0 -14.6307 -5.03388 0
0.682 12.6059 -2.70536 0 -14.7009 -4.86331 0
0.683 12.5705 -2.94823 0 -14.769 -4.69192 0
0.684 12.5304 -3.19073 0 -14.8351 -4.51973 0
0.685 12.4856 -3.43278 0 -14.8992 -4.34677 0
0.686 12.4362 -3.67428 0 -14.9611 -4.17307 0
0.687 12.3822 -3.91515 0 -15.021 -3.99864 0
0.688 12.3235 -4.15528 0 -15.0788 -3.82352 0
0.689 12.2603 -4.39459 0 -15.1344 -3.64772 0
0.69 12.1924 -4.63298 0 -15.188 -3.47127 0
0.691 12.1199 -4.87038 0 -15.2394 -3.29419 0
0.692 12.0429 -5.10667 0 -15.2886 -3.11651 0
0.693 11.9613 -5.34178 0 -15.3358 -2.93826 0
0.694 11.8751 -5.57561 0 -15.3807 -2.75946 0
0.695 11.7843 -5.80807 0 -15.4236 -2.58014 0
0.696 11.6891 -6.03907 0 -15.4643 -2.40031 0
0.697 11.5892 -6.26852 0 -15.5029 -2.22002 0
0.698 11.4848 -6.49632 0 -15.5393 -2.03927 0
0.699 11.3759 -6.72239 0 -15.5736 -1.8581 0
0.7 11.2625 -6.94663 0 -15.6057 -1.67654 0
0.701 11.1446 -7.16895 0 -15.6357 -1.4946 0
0.702 11.0222 -7.38928 0 -15.6636 -1.31232 0
0.703 10.8954 -7.60753 0 -15.6894 -1.12972 0
0.704 10.7643 -7.82362 0 -15.713 -0.94682 0
0.705 10.6288 -8.03748 0 -15.7345 -0.763652 0
0.706 10.4891 -8.24903 0 -15.7538 -0.58024 0
0.707 10.3452 -8.45817 0 -15.771 -0.396609 0
0.708 10.1972 -8.66484 0 -15.7861 -0.212784 0
0.709 10.045 -8.86896 0 -15.799 -0.0287912 0
0.71 9.88884 -9.07044 0 -15.8098 0.155344 0
0.711 9.72865 -9.26921 0 -15.8185 0.339597 0
0.712 9.56451 -9.46519 0 -15.8251 0.523941 0
0.713 9.39649 -9.65829 0 -15.8295 0.708351 0
0.714 9.22462 -9.84844 0 -15.8318 0.892802 0
0.715 9.04896 -10.0356 0 -15.8319 1.07727 0
0.716 8.86956 -10.2196 0 -15.8299 1.26173 0
0.717 8.68647 -10.4004 0 -15.8258 1.44615 0
0.718 8.49975 -10.5779 0 -15.8196 1.63051 0
0.719 8.30944 -10.7521 0 -15.8112 1.81478 0
0.72 8.1156 -10.9229 0 -15.8008 1.99894 0
0.721 7.91828 -11.0901 0 -15.7881 2.18297 0
0.722 7.71753 -11.2538 0 -15.7734 2.36683 0
0.723 7.5134 -11.4138 0 -15.7565 2.5505 0
0.724 7.30594 -11.57 0 -15.7375 2.73396 0
0.725 7.09521 -11.7224 0 -15.7164 2.91718 0
0.726 6.88125 -11.871 0 -15.6931 3.10014 0
0.727 6.66416 -12.0155 0 -15.6678 3.2828 0
0.728 6.44401 -12.1561 0 -15.6403 3.46516 0
0.729 6.2209 -12.2926 0 -15.6107 3.64717 0
0.73 5.99489 -12.425 0 -15.5789 3.82881 0
0.731 5.76609 -12.5532 0 -15.545 4.01006 0
0.732 5.53457 -12.6773 0 -15.509 4.1909 0
0.733 5.30043 -12.7971 0 -15.4709 4.3713 0
0.734 5.06374 -12.9126 0 -15.4307 4.55123 0
0.735 4.82459 -13.0237 0 -15.3884 4.73069 0
0.736 4.58306 -13.1305 0 -15.3441 4.90965 0
0.737 4.33925 -13.2328 0 -15.2976 5.08808 0
0.738 4.09323 -13.3307 0 -15.2492 5.26597 0
0.739 3.84509 -13.424 0 -15.1986 5.4433 0
0.74 3.59492 -13.5127 0 -15.1461 5.62003 0
0.741 3.34279 -13.5968 0 -15.0915 5.79616 0
0.742 3.08881 -13.6762 0 -15.0349 5.97167 0
0.743 2.83304 -13.7509 0 -14.9763 6.14652 0
0.744 2.57558 -13.8208 0 -14.9157 6.3207 0
0.745 2.31651 -13.8859 0 -14.8532 6.49419 0
0.746 2.05592 -13.9461 0 -14.7887 6.66697 0
0.747 1.79388 -14.0014 0 -14.7222 6.83901 0
0.748 1.5305 -14.0517 0 -14.6538 7.01029 0
0.749 1.26584 -14.0969 0 -14.5835 7.1808 0
0.75 1 -14.1372 0 -14.5112 7.35051 0
0.751 0.733063 -14.1723 0 -14.4371 7.5194 0
0.752 0.465128 -14.2023 0 -14.361 7.68746 0
0.753 0.196295 -14.2271 0 -14.2831 7.85465 0
0.754 -0.0733347 -14.2469 0 -14.2033 8.02095 0
0.755 -0.34366 -14.2615 0 -14.1216 8.18636 0
0.756 -0.614581 -14.2709 0 -14.0381 8.35083 0
0.757 -0.885995 -14.2753 0 -13.9528 8.51437 0
0.758 -1.1578 -14.2745 0 -13.8656 8.67693 0
0.759 -1.4299 -14.2685 0 -13.7766 8.83851 0
0.76 -1.7022 -14.2574 0 -13.6858 8.99907 0
0.761 -1.97458 -14.2411 0 -13.5932 9.15861 0
0.762 -2.24696 -14.2197 0 -13.4989 9.31709 0
0.763 -2.51922 -14.1931 0 -13.4027 9.4745 0
0.764 -2.79127 -14.1614 0 -13.3048 9.63082 0
0.765 -3.06301 -14.1245 0 -13.2052 9.78602 0
0.766 -3.33434 -14.0824 0 -13.1038 9.94008 0
0.767 -3.60515 -14.0351 0 -13.0007 10.093 0
0.768 -3.87535 -13.9827 0 -12.8959 10.2447 0
0.769 -4.14484 -13.925 0 -12.7894 10.3952 0
0.77 -4.4135 -13.8622 0 -12.6812 10.5445 0
0.771 -4.68125 -13.7942 0 -12.5713 10.6926 0
0.772 -4.94799 -13.721 0 -12.4597 10.8394 0
0.773 -5.2136 -13.6426 0 -12.3465 10.9849 0
0.774 -5.478 -13.559 0 -12.2317 11.1291 0
0.775 -5.74107 -13.4702 0 -12.1152 11.272 0
0.776 -6.00273 -13.3762 0 -11.9971 11.4136 0
0.777 -6.26287 -13.277 0 -11.8775 11.5538 0
0.778 -6.5214 -13.1727 0 -11.7562 11.6927 0
0.779 -6.77823 -13.0633 0 -11.6335 11.8302 0
0.78 -7.03326 -12.9489 0 -11.5091 11.9663 0
0.781 -7.2864 -12.8295 0 -11.3833 12.101 0
0.782 -7.53755 -12.7052 0 -11.256 12.2343 0
0.783 -7.78663 -12.5759 0 -11.1272 12.3662 0
0.784 -8.03354 -12.4418 0 -10.9969 12.4967 0
0.785 -8.27818 -12.3029 0 -10.8652 12.6257 0
0.786 -8.52046 -12.1593 0 -10.7321 12.7532 0
0.787 -8.76028 -12.0109 0 -10.5975 12.8793 0
0.788 -8.99756 -11.8578 0 -10.4616 13.0039 0
0.789 -9.23219 -11.7001 0 -10.3243 13.127 0
0.79 -9.46409 -11.5379 0 -10.1857 13.2486 0
0.791 -9.69315 -11.3711 0 -10.0457 13.3686 0
0.792 -9.9193 -11.1997 0 -9.90443 13.4872 0
0.793 -10.1424 -11.024 0 -9.76185 13.6041 0
0.794 -10.3624 -10.8438 0 -9.618 13.7195 0
0.795 -10.5792 -10.6592 0 -9.47288 13.8334 0
0.796 -10.7928 -10.4704 0 -9.32653 13.9456 0
0.797 -11.0029 -10.2772 0 -9.17896 14.0563 0
0.798 -11.2095 -10.0799 0 -9.03018 14.1653 0
0.799 -11.4125 -9.87831 0 -8.88022 14.2727 0
0.8 -11.6119 -9.67261 0 -8.72909 14.3785 0
0.801 -11.8075 -9.46282 0 -8.57681 14.4826 0
0.802 -11.9993 -9.24902 0 -8.42341 14.5851 0
0.803 -12.1871 -9.03129 0 -8.26889 14.6858 0
0.804 -12.3711 -8.80972 0 -8.11328 14.7849 0
0.805 -12.5509 -8.5844 0 -7.95659 14.8823 0
0.806 -12.7267 -8.3554 0 -7.79885 14.9779 0
0.807 -12.8984 -8.12282 0 -7.64007 15.0719 0
0.808 -13.0658 -7.88674 0 -7.48027 15.1641 0
0.809 -13.2289 -7.64724 0 -7.31946 15.2545 0
0.81 -13.3876 -7.40442 0 -7.15768 15.3431 0
0.811 -13.542 -7.15834 0 -6.99493 15.43 0
0.812 -13.6919 -6.90911 0 -6.83123 15.5151 0
0.813 -13.8372 -6.65681 0 -6.6666 15.5984 0
0.814 -13.9779 -6.40151 0 -6.50106 15.6798 0
0.815 -14.1139 -6.14331 0 -6.33464 15.7595 0
0.816 -14.2452 -5.8823 0 -6.16733 15.8372 0
0.817 -14.3717 -5.61855 0 -5.99918 15.9132 0
0.818 -14.4934 -5.35215 0 -5.83019 15.9872 0
0.819 -14.6101 -5.08319 0 -5.66039 16.0594 0
0.82 -14.7218 -4.81175 0 -5.4898 16.1298 0
0.821 -14.8284 -4.53792 0 -5.31845 16.1982 0
0.822 -14.9299 -4.26178 0 -5.14636 16.2648 0
0.823 -15.0262 -3.98342 0 -4.97354 16.3295 0
0.824 -15.1173 -3.70293 0 -4.80003 16.3924 0
0.825 -15.203 -3.42038 0 -4.62584 16.4533 0
0.826 -15.2833 -3.13587 0 -4.451 16.5124 0
0.827 -15.3583 -2.84951 0 -4.27552 16.5696 0
0.828 -15.4278 -2.56139 0 -4.09943 16.6249 0
0.829 -15.4919 -2.27164 0 -3.92276 16.6783 0
0.83 -15.5505 -1.98035 0 -3.74553 16.7298 0
0.831 -15.6037 -1.68764 0 -3.56775 16.7794 0
0.832 -15.6513 -1.39361 0 -3.38945 16.8271 0
0.833 -15.6934 -1.09838 0 -3.21065 16.8729 0
0.834 -15.73 -0.802049 0 -3.03137 16.9167 0
0.835 -15.761 -0.504729 0 -2.85165 16.9587 0
0.836 -15.7865 -0.206528 0 -2.67149 16.9988 0
0.837 -15.8064 0.092446 0 -2.49092 17.0369 0
0.838 -15.8206 0.392084 0 -2.30997 17.0732 0
0.839 -15.8292 0.692278 0 -2.12865 17.1075 0
0.84 -15.8322 0.992918 0 -1.94699 17.1398 0
0.841 -15.8295 1.2939 0 -1.76502 17.1703 0
0.842 -15.8211 1.59511 0 -1.58274 17.1988 0
0.843 -15.807 1.89644 0 -1.40019 17.2254 0
0.844 -15.7872 2.19778 0 -1.21738 17.25 0
0.845 -15.7616 2.49903 0 -1.03435 17.2727 0
0.846 -15.7303 2.80008 0 -0.851108 17.2935 0
0.847 -15.6932 3.10081 0 -0.66768 17.3123 0
0.848 -15.6503 3.40112 0 -0.484088 17.3292 0
0.849 -15.6015 3.70091 0 -0.300355 17.3441 0
0.85 -15.547 4.00005 0 -0.116502 17.357 0
0.851 -15.4865 4.29845 0 0.0674466 17.368 0
0.852 -15.4203 4.596 0 0.25147 17.377 0
0.853 -15.3483 4.89258 0 0.435546 17.3841 0
0.854 -15.2705 5.18809 0 0.619651 17.3892 0
0.855 -15.187 5.48243 0 0.803764 17.3923 0
0.856 -15.0978 5.77548 0 0.987862 17.3935 0
0.857 -15.003 6.06713 0 1.17192 17.3927 0
0.858 -14.9025 6.35728 0 1.35593 17.3899 0
0.859 -14.7965 6.64583 0 1.53985 17.3851 0
0.86 -14.6849 6.93265 0 1.72366 17.3783 0
0.861 -14.5679 7.21765 0 1.90735 17.3695 0
0.862 -14.4453 7.50071 0 2.0909 17.3588 0
0.863 -14.3173 7.78174 0 2.27429 17.3461 0
0.864 -14.1839 8.06061 0 2.45751 17.3314 0
0.865 -14.0451 8.33723 0 2.64054 17.3148 0
0.866 -13.901 8.61148 0 2.82337 17.2962 0
0.867 -13.7516 8.88325 0 3.00598 17.2756 0
0.868 -13.597 9.15245 0 3.18835 17.2531 0
0.869 -13.437 9.41896 0 3.37047 17.2287 0
0.87 -13.2719 9.68266 0 3.55233 17.2024 0
0.871 -13.1017 9.94347 0 3.73391 17.1741 0
0.872 -12.9263 10.2013 0 3.91519 17.1439 0
0.873 -12.7458 10.4559 0 4.09616 17.1119 0
0.874 -12.5602 10.7074 0 4.2768 17.0779 0
0.875 -12.3697 10.9555 0 4.4571 17.042 0
0.876 -12.1741 11.2001 0 4.63705 17.0043 0
0.877 -11.9737 11.4413 0 4.81662 16.9647 0
0.878 -11.7684 11.6788 0 4.9958 16.9232 0
0.879 -11.5583 11.9126 0 5.17458 16.8798 0
0.88 -11.3436 12.1427 0 5.35294 16.8346 0
0.881 -11.1244 12.3689 0 5.53087 16.7876 0
0.882 -10.9006 12.5911 0 5.70834 16.7387 0
0.883 -10.6723 12.8094 0 5.88535 16.6879 0
0.884 -10.4398 13.0235 0 6.06188 16.6354 0
0.885 -10.2029 13.2335 0 6.23791 16.581 0
0.886 -9.96193 13.4392 0 6.41344 16.5248 0
0.887 -9.71681 13.6405 0 6.58843 16.4669 0
0.888 -9.46767 13.8375 0 6.76289 16.4071 0
0.889 -9.21458 14.0299 0 6.93678 16.3455 0
0.89 -8.95764 14.2177 0 7.11011 16.2822 0
0.891 -8.69691 14.4008 0 7.28284 16.217 0
0.892 -8.43247 14.5792 0 7.45497 16.1501 0
0.893 -8.16442 14.7528 0 7.62648 16.0815 0
0.894 -7.89283 14.9214 0 7.79736 16.0111 0
0.895 -7.61777 15.085 0 7.96759 15.9389 0
0.896 -7.33934 15.2436 0 8.13715 15.865 0
0.897 -7.0576 15.397 0 8.30603 15.7894 0
0.898 -6.77265 15.5451 0 8.47422 15.712 0
0.899 -6.48456 15.6879 0 8.6417 15.6329 0
0.9 -6.19341 15.8253 0 8.80844 15.5521 0
0.901 -5.89928 15.9572 0 8.97445 15.4696 0
0.902 -5.60231 16.0835 0 9.1397 15.3854 0
0.903 -5.30259 16.2043 0 9.30418 15.2996 0
0.904 -5.00026 16.3195 0 9.46786 15.212 0
0.905 -4.69543 16.4291 0 9.63075 15.1228 0
0.906 -4.38822 16.533 0 9.79281 15.0318 0
0.907 -4.07876 16.6311 0 9.95404 14.9393 0
0.908 -3.76717 16.7235 0 10.1144 14.8451 0
0.909 -3.45356 16.8101 0 10.2739 14.7492 0
0.91 -3.13806 16.8909 0 10.4324 14.6517 0
0.911 -2.82078 16.9658 0 10.59 14.5527 0
0.912 -2.50185 17.0348 0 10.7466 14.452 0
0.913 -2.18139 17.0979 0 10.9023 14.3497 0
0.914 -1.85951 17.1549 0 11.0568 14.2459 0
0.915 -1.53635 17.206 0 11.2104 14.1405 0
0.916 -1.21201 17.251 0 11.3628 14.0336 0
0.917 -0.88662 17.2899 0 11.5142 13.9251 0
0.918 -0.5603 17.3227 0 11.6644 13.8151 0
0.919 -0.23317 17.3494 0 11.8135 13.7036 0
0.92 0.0946491 17.3698 0 11.9614 13.5906 0
0.921 0.423038 17.384 0 12.108 13.4761 0
0.922 0.751876 17.3919 0 12.2534 13.3602 0
0.923 1.08104 17.3935 0 12.3976 13.2428 0
0.924 1.41042 17.3888 0 12.5404 13.1239 0
0.925 1.73988 17.3776 0 12.6819 13.0036 0
0.926 2.06931 17.3601 0 12.8221 12.8819 0
0.927 2.39862 17.3361 0 12.9609 12.7588 0
0.928 2.72769 17.3058 0 13.0983 12.6343 0
0.929 3.05645 17.2691 0 13.2343 12.5084 0
0.93 3.3848 17.2261 0 13.3688 12.3812 0
0.931 3.71263 17.1767 0 13.5018 12.2525 0
0.932 4.03985 17.1211 0 13.6334 12.1226 0
0.933 4.36637 17.0593 0 13.7634 11.9913 0
0.934 4.69208 16.9912 0 13.8918 11.8587 0
0.935 5.01691 16.9169 0 14.0186 11.7247 0
0.936 5.34074 16.8365 0 14.1438 11.5895 0
0.937 5.66348 16.7499 0 14.2674 11.453 0
0.938 5.98504 16.6571 0 14.3893 11.3153 0
0.939 6.30532 16.5583 0 14.5095 11.1762 0
0.94 6.62422 16.4533 0 14.628 11.036 0
0.941 6.94165 16.3423 0 14.7447 10.8945 0
0.942 7.25752 16.2253 0 14.8597 10.7517 0
0.943 7.57172 16.1023 0 14.9728 10.6078 0
0.944 7.88416 15.9733 0 15.0841 10.4627 0
0.945 8.19475 15.8383 0 15.1936 10.3164 0
0.946 8.50338 15.6974 0 15.3012 10.1689 0
0.947 8.80997 15.5506 0 15.4068 10.0203 0
0.948 9.11442 15.3979 0 15.5106 9.87051 0
0.949 9.41663 15.2393 0 15.6123 9.71961 0
0.95 9.7165 15.0749 0 15.7121 9.56759 0
0.951 10.0139 14.9047 0 15.8099 9.41446 0
0.952 10.3087 14.7288 0 15.9056 9.26023 0
0.953 10.6007 14.5471 0 15.9992 9.10493 0
0.954 10.8897 14.3599 0 16.0908 8.94857 0
0.955 11.1755 14.167 0 16.1804 8.79117 0
0.956 11.4578 13.9687 0 16.268 8.63275 0
0.957 11.7366 13.7649 0 16.3538 8.47334 0
0.958 12.0116 13.5557 0 16.4377 8.31297 0
0.959 12.2827 13.3412 0 16.5197 8.15164 0
0.96 12.5496 13.1215 0 16.6 7.98939 0
0.961 12.8121 12.8965 0 16.6785 7.82624 0
0.962 13.07 12.6664 0 16.7553 7.66221 0
0.963 13.3232 12.4312 0 16.8305 7.49732 0
0.964 13.5715 12.191 0 16.9041 7.33159 0
0.965 13.8146 11.9458 0 16.9761 7.16506 0
0.966 14.0524 11.6958 0 17.0466 6.99773 0
0.967 14.2847 11.4408 0 17.1157 6.82964 0
0.968 14.5113 11.1811 0 17.1833 6.6608 0
0.969 14.732 10.9167 0 17.2495 6.49125 0
0.97 14.9465 10.6477 0 17.3143 6.32099 0
0.971 15.1548 10.374 0 17.3779 6.15005 0
0.972 15.3566 10.0958 0 17.4402 5.97847 0
0.973 15.5518 9.81313 0 17.5012 5.80625 0
0.974 15.74 9.52603 0 17.5612 5.63342 0
0.975 15.9212 9.23459 0 17.6199 5.46 0
0.976 16.0952 8.93887 0 17.6776 5.28602 0
0.977 16.2623 8.63902 0 17.7343 5.1115 0
0.978 16.4227 8.33523 0 17.7899 4.93646 0
0.979 16.5767 8.02766 0 17.8446 4.76093 0
0.98 16.7245 7.71648 0 17.8984 4.58492 0
0.981 16.8666 7.40187 0 17.9513 4.40846 0
0.982 17.0032 7.08399 0 18.0034 4.23157 0
0.983 17.1346 6.76302 0 18.0547 4.05427 0
0.984 17.261 6.43913 0 18.1053 3.8766 0
0.985 17.3828 6.1125 0 18.1552 3.69856 0
0.986 17.5002 5.78329 0 18.2044 3.52018 0
0.987 17.6136 5.45167 0 18.253 3.34149 0
0.988 17.7231 5.11782 0 18.3011 3.1625 0
0.989 17.8293 4.78191 0 18.3486 2.98324 0
0.99 17.9322 4.44411 0 18.3957 2.80374 0
0.991 18.0322 4.1046 0 18.4423 2.62401 0
0.992 18.1296 3.76353 0 18.4886 2.44407 0
0.993 18.2247 3.4211 0 18.5344 2.26396 0
0.994 18.3177 3.07746 0 18.58 2.08369 0
0.995 18.409 2.73279 0 18.6253 1.90328 0
0.996 18.4989 2.38726 0 18.6704 1.72276 0
0.997 18.5875 2.04105 0 18.7154 1.54215 0
0.998 18.6754 1.69432 0 18.7602 1.36147 0
0.999 18.7626 1.34724 0 18.8049 1.18075 0
1 18.8496 1 0 18.8496 1 0
