x exact spline
-1 0.0384615 0.0384615
-0.997998 0.03861 0.0382184
-0.995996 0.0387594 0.0379753
-0.993994 0.0389096 0.0377324
-0.991992 0.0390607 0.0374898
-0.98999 0.0392126 0.0372475
-0.987988 0.0393654 0.0370056
-0.985986 0.0395191 0.0367642
-0.983984 0.0396737 0.0365233
-0.981982 0.0398292 0.0362832
-0.97998 0.0399856 0.0360438
-0.977978 0.0401429 0.0358052
-0.975976 0.0403011 0.0355675
-0.973974 0.0404602 0.0353308
-0.971972 0.0406203 0.0350952
-0.96997 0.0407813 0.0348608
-0.967968 0.0409433 0.0346276
-0.965966 0.0411062 0.0343957
-0.963964 0.04127 0.0341652
-0.961962 0.0414349 0.0339362
-0.95996 0.0416007 0.0337088
-0.957958 0.0417675 0.0334831
-0.955956 0.0419352 0.0332591
-0.953954 0.042104 0.0330369
-0.951952 0.0422738 0.0328166
-0.94995 0.0424446 0.0325983
-0.947948 0.0426164 0.0323821
-0.945946 0.0427893 0.032168
-0.943944 0.0429632 0.0319562
-0.941942 0.0431381 0.0317467
-0.93994 0.0433141 0.0315396
-0.937938 0.0434911 0.0313349
-0.935936 0.0436693 0.0311329
-0.933934 0.0438485 0.0309335
-0.931932 0.0440288 0.0307368
-0.92993 0.0442101 0.030543
-0.927928 0.0443926 0.030352
-0.925926 0.0445763 0.030164
-0.923924 0.044761 0.0299791
-0.921922 0.0449468 0.0297974
-0.91992 0.0451339 0.0296188
-0.917918 0.045322 0.0294436
-0.915916 0.0455113 0.0292718
-0.913914 0.0457018 0.0291035
-0.911912 0.0458935 0.0289387
-0.90991 0.0460863 0.0287775
-0.907908 0.0462804 0.0286201
-0.905906 0.0464757 0.0284665
-0.903904 0.0466721 0.0283168
-0.901902 0.0468699 0.0281711
-0.8999 0.0470688 0.0280295
-0.897898 0.047269 0.0278919
-0.895896 0.0474705 0.0277586
-0.893894 0.0476732 0.0276296
-0.891892 0.0478772 0.027505
-0.88989 0.0480825 0.0273849
-0.887888 0.0482891 0.0272693
-0.885886 0.048497 0.0271584
-0.883884 0.0487062 0.0270522
-0.881882 0.0489168 0.0269508
-0.87988 0.0491287 0.0268543
-0.877878 0.0493419 0.0267627
-0.875876 0.0495566 0.0266762
-0.873874 0.0497726 0.0265949
-0.871872 0.04999 0.0265187
-0.86987 0.0502088 0.0264479
-0.867868 0.050429 0.0263824
-0.865866 0.0506506 0.0263224
-0.863864 0.0508737 0.026268
-0.861862 0.0510982 0.0262192
-0.85986 0.0513242 0.0261761
-0.857858 0.0515517 0.0261388
-0.855856 0.0517807 0.0261074
-0.853854 0.0520111 0.026082
-0.851852 0.0522431 0.0260626
-0.84985 0.0524766 0.0260493
-0.847848 0.0527116 0.0260423
-0.845846 0.0529482 0.0260415
-0.843844 0.0531864 0.0260471
-0.841842 0.0534261 0.0260592
-0.83984 0.0536674 0.0260778
-0.837838 0.0539104 0.0261031
-0.835836 0.0541549 0.0261351
-0.833834 0.0544011 0.0261738
-0.831832 0.054649 0.0262195
-0.82983 0.0548985 0.0262721
-0.827828 0.0551497 0.0263317
-0.825826 0.0554026 0.0263984
-0.823824 0.0556572 0.0264724
-0.821822 0.0559135 0.0265537
-0.81982 0.0561715 0.0266423
-0.817818 0.0564313 0.0267384
-0.815816 0.0566929 0.026842
-0.813814 0.0569563 0.0269532
-0.811812 0.0572215 0.0270722
-0.80981 0.0574885 0.0271989
-0.807808 0.0577573 0.0273335
-0.805806 0.0580279 0.0274761
-0.803804 0.0583005 0.0276267
-0.801802 0.0585749 0.0277854
-0.7998 0.0588512 0.0279523
-0.797798 0.0591295 0.0281275
-0.795796 0.0594097 0.028311
-0.793794 0.0596918 0.0285031
-0.791792 0.0599759 0.0287036
-0.78979 0.060262 0.0289128
-0.787788 0.0605501 0.0291306
-0.785786 0.0608403 0.0293572
-0.783784 0.0611324 0.0295927
-0.781782 0.0614267 0.0298372
-0.77978 0.061723 0.0300907
-0.777778 0.0620214 0.0303533
-0.775776 0.062322 0.0306251
-0.773774 0.0626247 0.0309061
-0.771772 0.0629295 0.0311965
-0.76977 0.0632366 0.0314964
-0.767768 0.0635458 0.0318058
-0.765766 0.0638572 0.0321248
-0.763764 0.0641709 0.0324535
-0.761762 0.0644869 0.032792
-0.75976 0.0648052 0.0331403
-0.757758 0.0651257 0.0334986
-0.755756 0.0654486 0.0338669
-0.753754 0.0657738 0.0342453
-0.751752 0.0661014 0.0346338
-0.74975 0.0664314 0.0350327
-0.747748 0.0667638 0.0354419
-0.745746 0.0670987 0.0358616
-0.743744 0.067436 0.0362918
-0.741742 0.0677758 0.0367325
-0.73974 0.0681182 0.037184
-0.737738 0.068463 0.0376462
-0.735736 0.0688104 0.0381193
-0.733734 0.0691605 0.0386033
-0.731732 0.0695131 0.0390984
-0.72973 0.0698683 0.0396045
-0.727728 0.0702262 0.0401218
-0.725726 0.0705868 0.0406504
-0.723724 0.0709502 0.0411904
-0.721722 0.0713162 0.0417417
-0.71972 0.071685 0.0423046
-0.717718 0.0720567 0.0428791
-0.715716 0.0724311 0.0434652
-0.713714 0.0728084 0.0440632
-0.711712 0.0731886 0.0446729
-0.70971 0.0735716 0.0452946
-0.707708 0.0739576 0.0459283
-0.705706 0.0743466 0.0465741
-0.703704 0.0747386 0.0472321
-0.701702 0.0751336 0.0479024
-0.6997 0.0755316 0.048585
-0.697698 0.0759327 0.04928
-0.695696 0.076337 0.0499875
-0.693694 0.0767444 0.0507076
-0.691692 0.0771549 0.0514404
-0.68969 0.0775687 0.0521859
-0.687688 0.0779857 0.0529443
-0.685686 0.078406 0.0537156
-0.683684 0.0788296 0.0544999
-0.681682 0.0792566 0.0552973
-0.67968 0.0796869 0.0561079
-0.677678 0.0801207 0.0569317
-0.675676 0.0805578 0.0577689
-0.673674 0.0809985 0.0586195
-0.671672 0.0814427 0.0594836
-0.66967 0.0818904 0.0603612
-0.667668 0.0823418 0.0612526
-0.665666 0.0827967 0.0621577
-0.663664 0.0832554 0.0630766
-0.661662 0.0837177 0.0640094
-0.65966 0.0841838 0.0649563
-0.657658 0.0846536 0.0659172
-0.655656 0.0851273 0.0668923
-0.653654 0.0856049 0.0678816
-0.651652 0.0860863 0.0688853
-0.64965 0.0865717 0.0699034
-0.647648 0.0870611 0.070936
-0.645646 0.0875545 0.0719831
-0.643644 0.088052 0.073045
-0.641642 0.0885536 0.0741215
-0.63964 0.0890593 0.0752129
-0.637638 0.0895693 0.0763192
-0.635636 0.0900835 0.0774405
-0.633634 0.090602 0.0785769
-0.631632 0.0911248 0.0797285
-0.62963 0.091652 0.0808952
-0.627628 0.0921836 0.0820774
-0.625626 0.0927198 0.0832749
-0.623624 0.0932604 0.0844879
-0.621622 0.0938057 0.0857165
-0.61962 0.0943555 0.0869607
-0.617618 0.0949101 0.0882207
-0.615616 0.0954694 0.0894965
-0.613614 0.0960334 0.0907882
-0.611612 0.0966023 0.0920959
-0.60961 0.0971761 0.0934196
-0.607608 0.0977548 0.0947595
-0.605606 0.0983385 0.0961157
-0.603604 0.0989273 0.0974882
-0.601602 0.0995212 0.098877
-0.5996 0.10012 0.100282
-0.597598 0.100724 0.101704
-0.595596 0.101334 0.103142
-0.593594 0.101949 0.104597
-0.591592 0.102569 0.106067
-0.58959 0.103195 0.107554
-0.587588 0.103826 0.109056
-0.585586 0.104463 0.110573
-0.583584 0.105106 0.112106
-0.581582 0.105754 0.113655
-0.57958 0.106408 0.115218
-0.577578 0.107068 0.116796
-0.575576 0.107733 0.118389
-0.573574 0.108405 0.119997
-0.571572 0.109083 0.121619
-0.56957 0.109767 0.123255
-0.567568 0.110457 0.124906
-0.565566 0.111153 0.12657
-0.563564 0.111856 0.128249
-0.561562 0.112565 0.129941
-0.55956 0.11328 0.131646
-0.557558 0.114002 0.133365
-0.555556 0.114731 0.135097
-0.553554 0.115466 0.136842
-0.551552 0.116208 0.138599
-0.54955 0.116957 0.14037
-0.547548 0.117713 0.142153
-0.545546 0.118476 0.143948
-0.543544 0.119247 0.145756
-0.541542 0.120024 0.147575
-0.53954 0.120808 0.149407
-0.537538 0.1216 0.15125
-0.535536 0.1224 0.153105
-0.533534 0.123207 0.154971
-0.531532 0.124021 0.156848
-0.52953 0.124843 0.158737
-0.527528 0.125673 0.160636
-0.525526 0.126511 0.162547
-0.523524 0.127357 0.164468
-0.521522 0.128211 0.166399
-0.51952 0.129074 0.168341
-0.517518 0.129944 0.170292
-0.515516 0.130823 0.172254
-0.513514 0.131711 0.174226
-0.511512 0.132607 0.176207
-0.50951 0.133511 0.178198
-0.507508 0.134425 0.180198
-0.505506 0.135347 0.182207
-0.503504 0.136279 0.184225
-0.501502 0.13722 0.186252
-0.499499 0.138169 0.188288
-0.497497 0.139129 0.190332
-0.495495 0.140097 0.192385
-0.493493 0.141076 0.194446
-0.491491 0.142064 0.196515
-0.489489 0.143062 0.198592
-0.487487 0.144069 0.200677
-0.485485 0.145087 0.202769
-0.483483 0.146115 0.204869
-0.481481 0.147154 0.206976
-0.479479 0.148203 0.20909
-0.477477 0.149262 0.211211
-0.475475 0.150332 0.213338
-0.473473 0.151414 0.215473
-0.471471 0.152506 0.217614
-0.469469 0.153609 0.219761
-0.467467 0.154723 0.221914
-0.465465 0.155849 0.224073
-0.463463 0.156987 0.226238
-0.461461 0.158136 0.228409
-0.459459 0.159297 0.230586
-0.457457 0.16047 0.232767
-0.455455 0.161656 0.234954
-0.453453 0.162853 0.237146
-0.451451 0.164063 0.239343
-0.449449 0.165286 0.241544
-0.447447 0.166522 0.24375
-0.445445 0.16777 0.24596
-0.443443 0.169032 0.248175
-0.441441 0.170307 0.250394
-0.439439 0.171595 0.252616
-0.437437 0.172897 0.254843
-0.435435 0.174213 0.257073
-0.433433 0.175543 0.259306
-0.431431 0.176887 0.261543
-0.429429 0.178245 0.263782
-0.427427 0.179619 0.266025
-0.425425 0.181006 0.268271
-0.423423 0.182409 0.270519
-0.421421 0.183827 0.272769
-0.419419 0.18526 0.275022
-0.417417 0.186709 0.277277
-0.415415 0.188173 0.279534
-0.413413 0.189654 0.281793
-0.411411 0.19115 0.284054
-0.409409 0.192663 0.286316
-0.407407 0.194193 0.28858
-0.405405 0.195739 0.290844
-0.403403 0.197303 0.29311
-0.401401 0.198883 0.295377
-0.399399 0.200481 0.297644
-0.397397 0.202097 0.299912
-0.395395 0.203731 0.30218
-0.393393 0.205383 0.304449
-0.391391 0.207053 0.306717
-0.389389 0.208742 0.308986
-0.387387 0.21045 0.311254
-0.385385 0.212177 0.313522
-0.383383 0.213923 0.315789
-0.381381 0.21569 0.318056
-0.379379 0.217476 0.320322
-0.377377 0.219282 0.322586
-0.375375 0.221108 0.32485
-0.373373 0.222956 0.327112
-0.371371 0.224824 0.329373
-0.369369 0.226714 0.331632
-0.367367 0.228625 0.333889
-0.365365 0.230558 0.336144
-0.363363 0.232514 0.338397
-0.361361 0.234491 0.340647
-0.359359 0.236492 0.342896
-0.357357 0.238515 0.345141
-0.355355 0.240562 0.347384
-0.353353 0.242632 0.349624
-0.351351 0.244726 0.351861
-0.349349 0.246845 0.354094
-0.347347 0.248988 0.356324
-0.345345 0.251156 0.358551
-0.343343 0.25335 0.360773
-0.341341 0.255568 0.362992
-0.339339 0.257813 0.365207
-0.337337 0.260084 0.367417
-0.335335 0.262381 0.369623
-0.333333 0.264706 0.371825
-0.331331 0.267058 0.374022
-0.329329 0.269437 0.376214
-0.327327 0.271844 0.378401
-0.325325 0.27428 0.380582
-0.323323 0.276744 0.382759
-0.321321 0.279237 0.38493
-0.319319 0.28176 0.387095
-0.317317 0.284312 0.389255
-0.315315 0.286895 0.391408
-0.313313 0.289508 0.393555
-0.311311 0.292153 0.395696
-0.309309 0.294828 0.397831
-0.307307 0.297535 0.399959
-0.305305 0.300275 0.40208
-0.303303 0.303047 0.404194
-0.301301 0.305851 0.406301
-0.299299 0.308689 0.408401
-0.297297 0.311561 0.410494
-0.295295 0.314467 0.412578
-0.293293 0.317408 0.414656
-0.291291 0.320383 0.416725
-0.289289 0.323394 0.418786
-0.287287 0.32644 0.420839
-0.285285 0.329523 0.422883
-0.283283 0.332642 0.424919
-0.281281 0.335798 0.426947
-0.279279 0.338992 0.428965
-0.277277 0.342223 0.430975
-0.275275 0.345493 0.432975
-0.273273 0.348802 0.434966
-0.271271 0.35215 0.436948
-0.269269 0.355537 0.438919
-0.267267 0.358964 0.440881
-0.265265 0.362432 0.442833
-0.263263 0.36594 0.444775
-0.261261 0.36949 0.446707
-0.259259 0.373081 0.448628
-0.257257 0.376714 0.450539
-0.255255 0.38039 0.452438
-0.253253 0.384109 0.454327
-0.251251 0.387871 0.456205
-0.249249 0.391676 0.458071
-0.247247 0.395526 0.459927
-0.245245 0.39942 0.46177
-0.243243 0.403359 0.463602
-0.241241 0.407343 0.465422
-0.239239 0.411373 0.46723
-0.237237 0.415448 0.469025
-0.235235 0.41957 0.470809
-0.233233 0.423739 0.472579
-0.231231 0.427954 0.474338
-0.229229 0.432217 0.476083
-0.227227 0.436528 0.477815
-0.225225 0.440886 0.479534
-0.223223 0.445292 0.48124
-0.221221 0.449747 0.482932
-0.219219 0.454251 0.484611
-0.217217 0.458803 0.486276
-0.215215 0.463405 0.487926
-0.213213 0.468056 0.489563
-0.211211 0.472756 0.491186
-0.209209 0.477506 0.492794
-0.207207 0.482306 0.494387
-0.205205 0.487156 0.495966
-0.203203 0.492056 0.497529
-0.201201 0.497006 0.499078
-0.199199 0.502006 0.500612
-0.197197 0.507056 0.50213
-0.195195 0.512156 0.503632
-0.193193 0.517306 0.50512
-0.191191 0.522506 0.506592
-0.189189 0.527756 0.508049
-0.187187 0.533056 0.50949
-0.185185 0.538405 0.510916
-0.183183 0.543803 0.512327
-0.181181 0.54925 0.513722
-0.179179 0.554745 0.515102
-0.177177 0.560289 0.516467
-0.175175 0.56588 0.517817
-0.173173 0.571519 0.519151
-0.171171 0.577204 0.520469
-0.169169 0.582936 0.521773
-0.167167 0.588713 0.523061
-0.165165 0.594534 0.524334
-0.163163 0.6004 0.525591
-0.161161 0.606309 0.526833
-0.159159 0.612261 0.52806
-0.157157 0.618254 0.529271
-0.155155 0.624287 0.530467
-0.153153 0.630359 0.531648
-0.151151 0.63647 0.532814
-0.149149 0.642617 0.533964
-0.147147 0.6488 0.535098
-0.145145 0.655017 0.536218
-0.143143 0.661267 0.537322
-0.141141 0.667548 0.538411
-0.139139 0.673858 0.539484
-0.137137 0.680196 0.540542
-0.135135 0.68656 0.541585
-0.133133 0.692947 0.542612
-0.131131 0.699357 0.543624
-0.129129 0.705787 0.544621
-0.127127 0.712234 0.545602
-0.125125 0.718697 0.546568
-0.123123 0.725172 0.547519
-0.121121 0.731658 0.548455
-0.119119 0.738152 0.549375
-0.117117 0.744651 0.550279
-0.115115 0.751153 0.551169
-0.113113 0.757654 0.552043
-0.111111 0.764151 0.552901
-0.109109 0.770642 0.553745
-0.107107 0.777123 0.554573
-0.105105 0.78359 0.555386
-0.103103 0.790042 0.556183
-0.101101 0.796473 0.556965
-0.0990991 0.80288 0.557732
-0.0970971 0.80926 0.558483
-0.0950951 0.81561 0.559219
-0.0930931 0.821924 0.55994
-0.0910911 0.828199 0.560645
-0.0890891 0.834431 0.561335
-0.0870871 0.840616 0.56201
-0.0850851 0.84675 0.562669
-0.0830831 0.852828 0.563313
-0.0810811 0.858846 0.563942
-0.0790791 0.864799 0.564556
-0.0770771 0.870684 0.565154
-0.0750751 0.876496 0.565736
-0.0730731 0.88223 0.566304
-0.0710711 0.887881 0.566856
-0.0690691 0.893445 0.567392
-0.0670671 0.898917 0.567914
-0.0650651 0.904293 0.56842
-0.0630631 0.909567 0.56891
-0.0610611 0.914736 0.569386
-0.0590591 0.919795 0.569846
-0.0570571 0.924738 0.570291
-0.0550551 0.929561 0.57072
-0.0530531 0.93426 0.571134
-0.0510511 0.93883 0.571533
-0.049049 0.943267 0.571916
-0.047047 0.947566 0.572284
-0.045045 0.951723 0.572637
-0.043043 0.955733 0.572974
-0.041041 0.959592 0.573296
-0.039039 0.963297 0.573603
-0.037037 0.966844 0.573894
-0.035035 0.970227 0.57417
-0.033033 0.973445 0.574431
-0.031031 0.976493 0.574676
-0.029029 0.979368 0.574906
-0.027027 0.982066 0.575121
-0.025025 0.984585 0.57532
-0.023023 0.986922 0.575504
-0.021021 0.989074 0.575673
-0.019019 0.991038 0.575826
-0.017017 0.992813 0.575964
-0.015015 0.994395 0.576087
-0.013013 0.995784 0.576194
-0.011011 0.996978 0.576286
-0.00900901 0.997975 0.576363
-0.00700701 0.998774 0.576424
-0.00500501 0.999374 0.57647
-0.003003 0.999775 0.576501
-0.001001 0.999975 0.576516
0.001001 0.999975 0.576516
0.003003 0.999775 0.576501
0.00500501 0.999374 0.57647
0.00700701 0.998774 0.576424
0.00900901 0.997975 0.576363
0.011011 0.996978 0.576286
0.013013 0.995784 0.576194
0.015015 0.994395 0.576087
0.017017 0.992813 0.575964
0.019019 0.991038 0.575826
0.021021 0.989074 0.575673
0.023023 0.986922 0.575504
0.025025 0.984585 0.57532
0.027027 0.982066 0.575121
0.029029 0.979368 0.574906
0.031031 0.976493 0.574676
0.033033 0.973445 0.574431
0.035035 0.970227 0.57417
0.037037 0.966844 0.573894
0.039039 0.963297 0.573603
0.041041 0.959592 0.573296
0.043043 0.955733 0.572974
0.045045 0.951723 0.572637
0.047047 0.947566 0.572284
0.049049 0.943267 0.571916
0.0510511 0.93883 0.571533
0.0530531 0.93426 0.571134
0.0550551 0.929561 0.57072
0.0570571 0.924738 0.570291
0.0590591 0.919795 0.569846
0.0610611 0.914736 0.569386
0.0630631 0.909567 0.56891
0.0650651 0.904293 0.56842
0.0670671 0.898917 0.567914
0.0690691 0.893445 0.567392
0.0710711 0.887881 0.566856
0.0730731 0.88223 0.566304
0.0750751 0.876496 0.565736
0.0770771 0.870684 0.565154
0.0790791 0.864799 0.564556
0.0810811 0.858846 0.563942
0.0830831 0.852828 0.563313
0.0850851 0.84675 0.562669
0.0870871 0.840616 0.56201
0.0890891 0.834431 0.561335
0.0910911 0.828199 0.560645
0.0930931 0.821924 0.55994
0.0950951 0.81561 0.559219
0.0970971 0.80926 0.558483
0.0990991 0.80288 0.557732
0.101101 0.796473 0.556965
0.103103 0.790042 0.556183
0.105105 0.78359 0.555386
0.107107 0.777123 0.554573
0.109109 0.770642 0.553745
0.111111 0.764151 0.552901
0.113113 0.757654 0.552043
0.115115 0.751153 0.551169
0.117117 0.744651 0.550279
0.119119 0.738152 0.549375
0.121121 0.731658 0.548455
0.123123 0.725172 0.547519
0.125125 0.718697 0.546568
0.127127 0.712234 0.545602
0.129129 0.705787 0.544621
0.131131 0.699357 0.543624
0.133133 0.692947 0.542612
0.135135 0.68656 0.541585
0.137137 0.680196 0.540542
0.139139 0.673858 0.539484
0.141141 0.667548 0.538411
0.143143 0.661267 0.537322
0.145145 0.655017 0.536218
0.147147 0.6488 0.535098
0.149149 0.642617 0.533964
0.151151 0.63647 0.532814
0.153153 0.630359 0.531648
0.155155 0.624287 0.530467
0.157157 0.618254 0.529271
0.159159 0.612261 0.52806
0.161161 0.606309 0.526833
0.163163 0.6004 0.525591
0.165165 0.594534 0.524334
0.167167 0.588713 0.523061
0.169169 0.582936 0.521773
0.171171 0.577204 0.520469
0.173173 0.571519 0.519151
0.175175 0.56588 0.517817
0.177177 0.560289 0.516467
0.179179 0.554745 0.515102
0.181181 0.54925 0.513722
0.183183 0.543803 0.512327
0.185185 0.538405 0.510916
0.187187 0.533056 0.50949
0.189189 0.527756 0.508049
0.191191 0.522506 0.506592
0.193193 0.517306 0.50512
0.195195 0.512156 0.503632
0.197197 0.507056 0.50213
0.199199 0.502006 0.500612
0.201201 0.497006 0.499078
0.203203 0.492056 0.497529
0.205205 0.487156 0.495966
0.207207 0.482306 0.494387
0.209209 0.477506 0.492794
0.211211 0.472756 0.491186
0.213213 0.468056 0.489563
0.215215 0.463405 0.487926
0.217217 0.458803 0.486276
0.219219 0.454251 0.484611
0.221221 0.449747 0.482932
0.223223 0.445292 0.48124
0.225225 0.440886 0.479534
0.227227 0.436528 0.477815
0.229229 0.432217 0.476083
0.231231 0.427954 0.474338
0.233233 0.423739 0.472579
0.235235 0.41957 0.470809
0.237237 0.415448 0.469025
0.239239 0.411373 0.46723
0.241241 0.407343 0.465422
0.243243 0.403359 0.463602
0.245245 0.39942 0.46177
0.247247 0.395526 0.459927
0.249249 0.391676 0.458071
0.251251 0.387871 0.456205
0.253253 0.384109 0.454327
0.255255 0.38039 0.452438
0.257257 0.376714 0.450539
0.259259 0.373081 0.448628
0.261261 0.36949 0.446707
0.263263 0.36594 0.444775
0.265265 0.362432 0.442833
0.267267 0.358964 0.440881
0.269269 0.355537 0.438919
0.271271 0.35215 0.436948
0.273273 0.348802 0.434966
0.275275 0.345493 0.432975
0.277277 0.342223 0.430975
0.279279 0.338992 0.428965
0.281281 0.335798 0.426947
0.283283 0.332642 0.424919
0.285285 0.329523 0.422883
0.287287 0.32644 0.420839
0.289289 0.323394 0.418786
0.291291 0.320383 0.416725
0.293293 0.317408 0.414656
0.295295 0.314467 0.412578
0.297297 0.311561 0.410494
0.299299 0.308689 0.408401
0.301301 0.305851 0.406301
0.303303 0.303047 0.404194
0.305305 0.300275 0.40208
0.307307 0.297535 0.399959
0.309309 0.294828 0.397831
0.311311 0.292153 0.395696
0.313313 0.289508 0.393555
0.315315 0.286895 0.391408
0.317317 0.284312 0.389255
0.319319 0.28176 0.387095
0.321321 0.279237 0.38493
0.323323 0.276744 0.382759
0.325325 0.27428 0.380582
0.327327 0.271844 0.378401
0.329329 0.269437 0.376214
0.331331 0.267058 0.374022
0.333333 0.264706 0.371825
0.335335 0.262381 0.369623
0.337337 0.260084 0.367417
0.339339 0.257813 0.365207
0.341341 0.255568 0.362992
0.343343 0.25335 0.360773
0.345345 0.251156 0.358551
0.347347 0.248988 0.356324
0.349349 0.246845 0.354094
0.351351 0.244726 0.351861
0.353353 0.242632 0.349624
0.355355 0.240562 0.347384
0.357357 0.238515 0.345141
0.359359 0.236492 0.342896
0.361361 0.234491 0.340647
0.363363 0.232514 0.338397
0.365365 0.230558 0.336144
0.367367 0.228625 0.333889
0.369369 0.226714 0.331632
0.371371 0.224824 0.329373
0.373373 0.222956 0.327112
0.375375 0.221108 0.32485
0.377377 0.219282 0.322586
0.379379 0.217476 0.320322
0.381381 0.21569 0.318056
0.383383 0.213923 0.315789
0.385385 0.212177 0.313522
0.387387 0.21045 0.311254
0.389389 0.208742 0.308986
0.391391 0.207053 0.306717
0.393393 0.205383 0.304449
0.395395 0.203731 0.30218
0.397397 0.202097 0.299912
0.399399 0.200481 0.297644
0.401401 0.198883 0.295377
0.403403 0.197303 0.29311
0.405405 0.195739 0.290844
0.407407 0.194193 0.28858
0.409409 0.192663 0.286316
0.411411 0.19115 0.284054
0.413413 0.189654 0.281793
0.415415 0.188173 0.279534
0.417417 0.186709 0.277277
0.419419 0.18526 0.275022
0.421421 0.183827 0.272769
0.423423 0.182409 0.270519
0.425425 0.181006 0.268271
0.427427 0.179619 0.266025
0.429429 0.178245 0.263782
0.431431 0.176887 0.261543
0.433433 0.175543 0.259306
0.435435 0.174213 0.257073
0.437437 0.172897 0.254843
0.439439 0.171595 0.252616
0.441441 0.170307 0.250394
0.443443 0.169032 0.248175
0.445445 0.16777 0.24596
0.447447 0.166522 0.24375
0.449449 0.165286 0.241544
0.451451 0.164063 0.239343
0.453453 0.162853 0.237146
0.455455 0.161656 0.234954
0.457457 0.16047 0.232767
0.459459 0.159297 0.230586
0.461461 0.158136 0.228409
0.463463 0.156987 0.226238
0.465465 0.155849 0.224073
0.467467 0.154723 0.221914
0.469469 0.153609 0.219761
0.471471 0.152506 0.217614
0.473473 0.151414 0.215473
0.475475 0.150332 0.213338
0.477477 0.149262 0.211211
0.479479 0.148203 0.20909
0.481481 0.147154 0.206976
0.483483 0.146115 0.204869
0.485485 0.145087 0.202769
0.487487 0.144069 0.200677
0.489489 0.143062 0.198592
0.491491 0.142064 0.196515
0.493493 0.141076 0.194446
0.495495 0.140097 0.192385
0.497497 0.139129 0.190332
0.499499 0.138169 0.188288
0.501502 0.13722 0.186252
0.503504 0.136279 0.184225
0.505506 0.135347 0.182207
0.507508 0.134425 0.180198
0.50951 0.133511 0.178198
0.511512 0.132607 0.176207
0.513514 0.131711 0.174226
0.515516 0.130823 0.172254
0.517518 0.129944 0.170292
0.51952 0.129074 0.168341
0.521522 0.128211 0.166399
0.523524 0.127357 0.164468
0.525526 0.126511 0.162547
0.527528 0.125673 0.160636
0.52953 0.124843 0.158737
0.531532 0.124021 0.156848
0.533534 0.123207 0.154971
0.535536 0.1224 0.153105
0.537538 0.1216 0.15125
0.53954 0.120808 0.149407
0.541542 0.120024 0.147575
0.543544 0.119247 0.145756
0.545546 0.118476 0.143948
0.547548 0.117713 0.142153
0.54955 0.116957 0.14037
0.551552 0.116208 0.138599
0.553554 0.115466 0.136842
0.555556 0.114731 0.135097
0.557558 0.114002 0.133365
0.55956 0.11328 0.131646
0.561562 0.112565 0.129941
0.563564 0.111856 0.128249
0.565566 0.111153 0.12657
0.567568 0.110457 0.124906
0.56957 0.109767 0.123255
0.571572 0.109083 0.121619
0.573574 0.108405 0.119997
0.575576 0.107733 0.118389
0.577578 0.107068 0.116796
0.57958 0.106408 0.115218
0.581582 0.105754 0.113655
0.583584 0.105106 0.112106
0.585586 0.104463 0.110573
0.587588 0.103826 0.109056
0.58959 0.103195 0.107554
0.591592 0.102569 0.106067
0.593594 0.101949 0.104597
0.595596 0.101334 0.103142
0.597598 0.100724 0.101704
0.5996 0.10012 0.100282
0.601602 0.0995212 0.098877
0.603604 0.0989273 0.0974882
0.605606 0.0983385 0.0961157
0.607608 0.0977548 0.0947595
0.60961 0.0971761 0.0934196
0.611612 0.0966023 0.0920959
0.613614 0.0960334 0.0907882
0.615616 0.0954694 0.0894965
0.617618 0.0949101 0.0882207
0.61962 0.0943555 0.0869607
0.621622 0.0938057 0.0857165
0.623624 0.0932604 0.0844879
0.625626 0.0927198 0.0832749
0.627628 0.0921836 0.0820774
0.62963 0.091652 0.0808952
0.631632 0.0911248 0.0797285
0.633634 0.090602 0.0785769
0.635636 0.0900835 0.0774405
0.637638 0.0895693 0.0763192
0.63964 0.0890593 0.0752129
0.641642 0.0885536 0.0741215
0.643644 0.088052 0.073045
0.645646 0.0875545 0.0719831
0.647648 0.0870611 0.070936
0.64965 0.0865717 0.0699034
0.651652 0.0860863 0.0688853
0.653654 0.0856049 0.0678816
0.655656 0.0851273 0.0668923
0.657658 0.0846536 0.0659172
0.65966 0.0841838 0.0649563
0.661662 0.0837177 0.0640094
0.663664 0.0832554 0.0630766
0.665666 0.0827967 0.0621577
0.667668 0.0823418 0.0612526
0.66967 0.0818904 0.0603612
0.671672 0.0814427 0.0594836
0.673674 0.0809985 0.0586195
0.675676 0.0805578 0.0577689
0.677678 0.0801207 0.0569317
0.67968 0.0796869 0.0561079
0.681682 0.0792566 0.0552973
0.683684 0.0788296 0.0544999
0.685686 0.078406 0.0537156
0.687688 0.0779857 0.0529443
0.68969 0.0775687 0.0521859
0.691692 0.0771549 0.0514404
0.693694 0.0767444 0.0507076
0.695696 0.076337 0.0499875
0.697698 0.0759327 0.04928
0.6997 0.0755316 0.048585
0.701702 0.0751336 0.0479024
0.703704 0.0747386 0.0472321
0.705706 0.0743466 0.0465741
0.707708 0.0739576 0.0459283
0.70971 0.0735716 0.0452946
0.711712 0.0731886 0.0446729
0.713714 0.0728084 0.0440632
0.715716 0.0724311 0.0434652
0.717718 0.0720567 0.0428791
0.71972 0.071685 0.0423046
0.721722 0.0713162 0.0417417
0.723724 0.0709502 0.0411904
0.725726 0.0705868 0.0406504
0.727728 0.0702262 0.0401218
0.72973 0.0698683 0.0396045
0.731732 0.0695131 0.0390984
0.733734 0.0691605 0.0386033
0.735736 0.0688104 0.0381193
0.737738 0.068463 0.0376462
0.73974 0.0681182 0.037184
0.741742 0.0677758 0.0367325
0.743744 0.067436 0.0362918
0.745746 0.0670987 0.0358616
0.747748 0.0667638 0.0354419
0.74975 0.0664314 0.0350327
0.751752 0.0661014 0.0346338
0.753754 0.0657738 0.0342453
0.755756 0.0654486 0.0338669
0.757758 0.0651257 0.0334986
0.75976 0.0648052 0.0331403
0.761762 0.0644869 0.032792
0.763764 0.0641709 0.0324535
0.765766 0.0638572 0.0321248
0.767768 0.0635458 0.0318058
0.76977 0.0632366 0.0314964
0.771772 0.0629295 0.0311965
0.773774 0.0626247 0.0309061
0.775776 0.062322 0.0306251
0.777778 0.0620214 0.0303533
0.77978 0.061723 0.0300907
0.781782 0.0614267 0.0298372
0.783784 0.0611324 0.0295927
0.785786 0.0608403 0.0293572
0.787788 0.0605501 0.0291306
0.78979 0.060262 0.0289128
0.791792 0.0599759 0.0287036
0.793794 0.0596918 0.0285031
0.795796 0.0594097 0.028311
0.797798 0.0591295 0.0281275
0.7998 0.0588512 0.0279523
0.801802 0.0585749 0.0277854
0.803804 0.0583005 0.0276267
0.805806 0.0580279 0.0274761
0.807808 0.0577573 0.0273335
0.80981 0.0574885 0.0271989
0.811812 0.0572215 0.0270722
0.813814 0.0569563 0.0269532
0.815816 0.0566929 0.026842
0.817818 0.0564313 0.0267384
0.81982 0.0561715 0.0266423
0.821822 0.0559135 0.0265537
0.823824 0.0556572 0.0264724
0.825826 0.0554026 0.0263984
0.827828 0.0551497 0.0263317
0.82983 0.0548985 0.0262721
0.831832 0.054649 0.0262195
0.833834 0.0544011 0.0261738
0.835836 0.0541549 0.0261351
0.837838 0.0539104 0.0261031
0.83984 0.0536674 0.0260778
0.841842 0.0534261 0.0260592
0.843844 0.0531864 0.0260471
0.845846 0.0529482 0.0260415
0.847848 0.0527116 0.0260423
0.84985 0.0524766 0.0260493
0.851852 0.0522431 0.0260626
0.853854 0.0520111 0.026082
0.855856 0.0517807 0.0261074
0.857858 0.0515517 0.0261388
0.85986 0.0513242 0.0261761
0.861862 0.0510982 0.0262192
0.863864 0.0508737 0.026268
0.865866 0.0506506 0.0263224
0.867868 0.050429 0.0263824
0.86987 0.0502088 0.0264479
0.871872 0.04999 0.0265187
0.873874 0.0497726 0.0265949
0.875876 0.0495566 0.0266762
0.877878 0.0493419 0.0267627
0.87988 0.0491287 0.0268543
0.881882 0.0489168 0.0269508
0.883884 0.0487062 0.0270522
0.885886 0.048497 0.0271584
0.887888 0.0482891 0.0272693
0.88989 0.0480825 0.0273849
0.891892 0.0478772 0.027505
0.893894 0.0476732 0.0276296
0.895896 0.0474705 0.0277586
0.897898 0.047269 0.0278919
0.8999 0.0470688 0.0280295
0.901902 0.0468699 0.0281711
0.903904 0.0466721 0.0283168
0.905906 0.0464757 0.0284665
0.907908 0.0462804 0.0286201
0.90991 0.0460863 0.0287775
0.911912 0.0458935 0.0289387
0.913914 0.0457018 0.0291035
0.915916 0.0455113 0.0292718
0.917918 0.045322 0.0294436
0.91992 0.0451339 0.0296188
0.921922 0.0449468 0.0297974
0.923924 0.044761 0.0299791
0.925926 0.0445763 0.030164
0.927928 0.0443926 0.030352
0.92993 0.0442101 0.030543
0.931932 0.0440288 0.0307368
0.933934 0.0438485 0.0309335
0.935936 0.0436693 0.0311329
0.937938 0.0434911 0.0313349
0.93994 0.0433141 0.0315396
0.941942 0.0431381 0.0317467
0.943944 0.0429632 0.0319562
0.945946 0.0427893 0.032168
0.947948 0.0426164 0.0323821
0.94995 0.0424446 0.0325983
0.951952 0.0422738 0.0328166
0.953954 0.042104 0.0330369
0.955956 0.0419352 0.0332591
0.957958 0.0417675 0.0334831
0.95996 0.0416007 0.0337088
0.961962 0.0414349 0.0339362
0.963964 0.04127 0.0341652
0.965966 0.0411062 0.0343957
0.967968 0.0409433 0.0346276
0.96997 0.0407813 0.0348608
0.971972 0.0406203 0.0350952
0.973974 0.0404602 0.0353308
0.975976 0.0403011 0.0355675
0.977978 0.0401429 0.0358052
0.97998 0.0399856 0.0360438
0.981982 0.0398292 0.0362832
0.983984 0.0396737 0.0365233
0.985986 0.0395191 0.0367642
0.987988 0.0393654 0.0370056
0.98999 0.0392126 0.0372475
0.991992 0.0390607 0.0374898
0.993994 0.0389096 0.0377324
0.995996 0.0387594 0.0379753
0.997998 0.03861 0.0382184
1 0.0384615 0.0384615
