t uniform_x uniform_y chordal_x chordal_y
0 4.60274e-11 1 0 1.40556e-11 1 0
0.001 0.0376945 0.998037 0 0.184065 0.98636 0
0.002 0.0753623 0.99586 0 0.364616 0.949705 0
0.003 0.112977 0.993253 0 0.538258 0.886703 0
0.004 0.150511 0.990003 0 0.701815 0.801477 0
0.005 0.187938 0.985893 0 0.852422 0.694871 0
0.006 0.225231 0.98071 0 0.987596 0.569267 0
0.007 0.262364 0.974259 0 1.10529 0.427175 0
0.008 0.29931 0.966514 0 1.20389 0.271213 0
0.009 0.336044 0.957539 0 1.28225 0.10416 0
0.01 0.372538 0.947399 0 1.33964 -0.0712059 0
0.011 0.408766 0.936156 0 1.37573 -0.252161 0
0.012 0.444704 0.923875 0 1.39057 -0.436087 0
0.013 0.480323 0.910619 0 1.38449 -0.620508 0
0.014 0.515599 0.896416 0 1.35813 -0.803138 0
0.015 0.550507 0.881262 0 1.31232 -0.98189 0
0.016 0.585021 0.865151 0 1.24809 -1.15487 0
0.017 0.619117 0.848077 0 1.16661 -1.32043 0
0.018 0.652769 0.830035 0 1.06912 -1.47711 0
0.019 0.685952 0.811018 0 0.956974 -1.62365 0
0.02 0.718641 0.791028 0 0.83155 -1.759 0
0.021 0.750814 0.77008 0 0.69425 -1.88228 0
0.022 0.782447 0.748193 0 0.546483 -1.99281 0
0.023 0.813515 0.725384 0 0.389641 -2.09003 0
0.024 0.843997 0.70167 0 0.225094 -2.17355 0
0.025 0.873867 0.677069 0 0.0541709 -2.2431 0
0.026 0.903104 0.651597 0 -0.121835 -2.29853 0
0.027 0.931685 0.62527 0 -0.301692 -2.3398 0
0.028 0.95959 0.598105 0 -0.48421 -2.36697 0
0.029 0.986796 0.570117 0 -0.668268 -2.38018 0
0.03 1.01328 0.54132 0 -0.852797 -2.37964 0
0.031 1.03903 0.511731 0 -1.03679 -2.36563 0
0.032 1.06401 0.481365 0 -1.21932 -2.33848 0
0.033 1.08821 0.450242 0 -1.39949 -2.29859 0
0.034 1.11162 0.41838 0 -1.57648 -2.24639 0
0.035 1.1342 0.3858 0 -1.74953 -2.18233 0
0.036 1.15594 0.352521 0 -1.91795 -2.10692 0
0.037 1.17683 0.318565 0 -2.08109 -2.02068 0
0.038 1.19684 0.28395 0 -2.23836 -1.92415 0
0.039 1.21596 0.248697 0 -2.38923 -1.81789 0
0.04 1.23417 0.21283 0 -2.5332 -1.70247 0
0.041 1.25146 0.17637 0 -2.66986 -1.57847 0
0.042 1.26781 0.139339 0 -2.79881 -1.44648 0
0.043 1.2832 0.10176 0 -2.91971 -1.30707 0
0.044 1.29762 0.0636539 0 -3.03227 -1.16085 0
0.045 1.31105 0.0250448 0 -3.13623 -1.00839 0
0.046 1.32349 -0.0140432 0 -3.23138 -0.850282 0
0.047 1.33491 -0.0535857 0 -3.31753 -0.6871 0
0.048 1.34531 -0.0935583 0 -3.39455 -0.519412 0
0.049 1.35468 -0.133936 0 -3.46233 -0.347781 0
0.05 1.36299 -0.174695 0 -3.52078 -0.172754 0
0.051 1.37025 -0.215811 0 -3.56987 0.00512718 0
0.052 1.37643 -0.257256 0 -3.60956 0.185334 0
0.053 1.38154 -0.299006 0 -3.63988 0.367357 0
0.054 1.38556 -0.341033 0 -3.66085 0.55069 0
0.055 1.38848 -0.383312 0 -3.67252 0.734848 0
0.056 1.39029 -0.425817 0 -3.67499 0.919362 0
0.057 1.391 -0.468521 0 -3.66833 1.10377 0
0.058 1.39058 -0.511397 0 -3.65268 1.28763 0
0.059 1.38904 -0.554418 0 -3.62816 1.47053 0
0.06 1.38637 -0.597557 0 -3.59492 1.65203 0
0.061 1.38256 -0.640785 0 -3.55315 1.83177 0
0.062 1.37762 -0.684076 0 -3.503 2.00935 0
0.063 1.37153 -0.727402 0 -3.44468 2.18442 0
0.064 1.36429 -0.770736 0 -3.37839 2.35663 0
0.065 1.35591 -0.814049 0 -3.30434 2.52565 0
0.066 1.34637 -0.857314 0 -3.22277 2.69117 0
0.067 1.33569 -0.900502 0 -3.1339 2.85289 0
0.068 1.32385 -0.943585 0 -3.03799 3.01053 0
0.069 1.31086 -0.986536 0 -2.93526 3.16382 0
0.07 1.29672 -1.02933 0 -2.826 3.31252 0
0.071 1.28143 -1.07193 0 -2.71044 3.45639 0
0.072 1.26499 -1.11431 0 -2.58887 3.5952 0
0.073 1.24742 -1.15645 0 -2.46154 3.72877 0
0.074 1.2287 -1.19831 0 -2.32874 3.85688 0
0.075 1.20884 -1.23988 0 -2.19073 3.97937 0
0.076 1.18785 -1.28111 0 -2.0478 4.09608 0
0.077 1.16574 -1.32199 0 -1.90022 4.20685 0
0.078 1.14251 -1.36248 0 -1.74828 4.31156 0
0.079 1.11816 -1.40256 0 -1.59225 4.41008 0
0.08 1.09271 -1.4422 0 -1.43242 4.5023 0
0.081 1.06616 -1.48137 0 -1.26907 4.58812 0
0.082 1.03853 -1.52005 0 -1.10247 4.66747 0
0.083 1.00981 -1.5582 0 -0.932908 4.74026 0
0.084 0.980022 -1.5958 0 -0.760658 4.80644 0
0.085 0.949178 -1.63283 0 -0.585994 4.86596 0
0.086 0.917286 -1.66926 0 -0.409187 4.91878 0
0.087 0.88436 -1.70506 0 -0.23051 4.96486 0
0.088 0.850409 -1.7402 0 -0.050226 5.0042 0
0.089 0.815448 -1.77466 0 0.131402 5.03679 0
0.09 0.77949 -1.80842 0 0.314111 5.06262 0
0.091 0.742551 -1.84144 0 0.497647 5.0817 0
0.092 0.704646 -1.87371 0 0.681759 5.09406 0
0.093 0.665789 -1.90519 0 0.866199 5.09972 0
0.094 0.625997 -1.93587 0 1.05072 5.09872 0
0.095 0.585285 -1.96572 0 1.23509 5.0911 0
0.096 0.543671 -1.99472 0 1.41907 5.07692 0
0.097 0.501175 -2.02284 0 1.60243 5.05624 0
0.098 0.457814 -2.05006 0 1.78495 5.02911 0
0.099 0.413607 -2.07636 0 1.96641 4.99562 0
0.1 0.368573 -2.10172 0 2.1466 4.95584 0
0.101 0.322731 -2.1261 0 2.32531 4.90985 0
0.102 0.276103 -2.1495 0 2.50232 4.85776 0
0.103 0.22871 -2.17189 0 2.67746 4.79965 0
0.104 0.180574 -2.19326 0 2.85053 4.73563 0
0.105 0.131717 -2.21357 0 3.02133 4.6658 0
0.106 0.0821616 -2.23282 0 3.1897 4.59029 0
0.107 0.0319289 -2.25097 0 3.35545 4.50919 0
0.108 -0.0189567 -2.26802 0 3.51842 4.42265 0
0.109 -0.0704705 -2.28395 0 3.67844 4.33076 0
0.11 -0.122588 -2.29873 0 3.83536 4.23368 0
0.111 -0.175283 -2.31236 0 3.98904 4.13153 0
0.112 -0.228533 -2.32481 0 4.13931 4.02444 0
0.113 -0.282311 -2.33606 0 4.28604 3.91256 0
0.114 -0.336592 -2.34611 0 4.42911 3.79601 0
0.115 -0.391348 -2.35494 0 4.56837 3.67496 0
0.116 -0.446553 -2.36254 0 4.70372 3.54954 0
0.117 -0.502178 -2.36888 0 4.83503 3.4199 0
0.118 -0.558197 -2.37396 0 4.9622 3.28619 0
0.119 -0.614583 -2.37777 0 5.08512 3.14857 0
0.12 -0.671306 -2.38028 0 5.20369 3.00718 0
0.121 -0.728339 -2.3815 0 5.31782 2.86218 0
0.122 -0.785651 -2.38141 0 5.42742 2.71373 0
0.123 -0.843214 -2.38 0 5.53241 2.56199 0
0.124 -0.900998 -2.37726 0 5.63272 2.40711 0
0.125 -0.958974 -2.37319 0 5.72826 2.24925 0
0.126 -1.01711 -2.36777 0 5.81899 2.08856 0
0.127 -1.07538 -2.36099 0 5.90483 1.92522 0
0.128 -1.13375 -2.35285 0 5.98574 1.75938 0
0.129 -1.19219 -2.34335 0 6.06165 1.5912 0
0.13 -1.25067 -2.33248 0 6.13254 1.42083 0
0.131 -1.30916 -2.32024 0 6.19836 1.24844 0
0.132 -1.36763 -2.30661 0 6.25906 1.07419 0
0.133 -1.42604 -2.29159 0 6.31463 0.898231 0
0.134 -1.48437 -2.27519 0 6.36504 0.720726 0
0.135 -1.54258 -2.25741 0 6.41028 0.54183 0
0.136 -1.60064 -2.23823 0 6.45031 0.361701 0
0.137 -1.65852 -2.21766 0 6.48513 0.180494 0
0.138 -1.71619 -2.19571 0 6.51475 -0.00163967 0
0.139 -1.77362 -2.17236 0 6.53915 -0.184545 0
0.14 -1.83077 -2.14762 0 6.55833 -0.36807 0
0.141 -1.88761 -2.1215 0 6.5723 -0.552064 0
0.142 -1.94411 -2.094 0 6.58107 -0.736379 0
0.143 -2.00023 -2.06512 0 6.58466 -0.92087 0
0.144 -2.05596 -2.03486 0 6.58309 -1.10539 0
0.145 -2.11125 -2.00323 0 6.57637 -1.28979 0
0.146 -2.16607 -1.97024 0 6.56453 -1.47393 0
0.147 -2.22039 -1.93589 0 6.54761 -1.65768 0
0.148 -2.27417 -1.90019 0 6.52563 -1.84089 0
0.149 -2.3274 -1.86315 0 6.49863 -2.02343 0
0.15 -2.38003 -1.82478 0 6.46664 -2.20516 0
0.151 -2.43204 -1.78508 0 6.42973 -2.38595 0
0.152 -2.48338 -1.74407 0 6.38792 -2.56568 0
0.153 -2.53404 -1.70175 0 6.34127 -2.74421 0
0.154 -2.58398 -1.65815 0 6.28983 -2.92142 0
0.155 -2.63317 -1.61326 0 6.23365 -3.09718 0
0.156 -2.68158 -1.56711 0 6.1728 -3.27139 0
0.157 -2.72918 -1.5197 0 6.10734 -3.44391 0
0.158 -2.77594 -1.47106 0 6.03732 -3.61463 0
0.159 -2.82183 -1.42119 0 5.96281 -3.78344 0
0.16 -2.86681 -1.37011 0 5.88388 -3.95023 0
0.161 -2.91087 -1.31784 0 5.8006 -4.1149 0
0.162 -2.95397 -1.2644 0 5.71305 -4.27733 0
0.163 -2.99608 -1.2098 0 5.62129 -4.43742 0
0.164 -3.03718 -1.15406 0 5.5254 -4.59507 0
0.165 -3.07723 -1.0972 0 5.42547 -4.7502 0
0.166 -3.11621 -1.03924 0 5.32158 -4.90269 0
0.167 -3.1541 -0.9802 0 5.2138 -5.05247 0
0.168 -3.19086 -0.920104 0 5.10222 -5.19943 0
0.169 -3.22646 -0.858969 0 4.98692 -5.3435 0
0.17 -3.26089 -0.796818 0 4.868 -5.48459 0
0.171 -3.29412 -0.733675 0 4.74554 -5.62263 0
0.172 -3.32611 -0.669564 0 4.61963 -5.75752 0
0.173 -3.35686 -0.604508 0 4.49037 -5.8892 0
0.174 -3.38633 -0.538533 0 4.35783 -6.01759 0
0.175 -3.41449 -0.471662 0 4.22214 -6.14263 0
0.176 -3.44134 -0.403921 0 4.08336 -6.26425 0
0.177 -3.46683 -0.335336 0 3.9416 -6.38238 0
0.178 -3.49096 -0.265935 0 3.79697 -6.49695 0
0.179 -3.51369 -0.195747 0 3.64954 -6.60793 0
0.18 -3.53501 -0.124797 0 3.49943 -6.71524 0
0.181 -3.55491 -0.0531155 0 3.34673 -6.81884 0
0.182 -3.57334 0.019271 0 3.19154 -6.91866 0
0.183 -3.59031 0.0923325 0 3.03397 -7.01467 0
0.184 -3.60578 0.166038 0 2.8741 -7.10683 0
0.185 -3.61974 0.240357 0 2.71205 -7.19508 0
0.186 -3.63218 0.315258 0 2.54791 -7.2794 0
0.187 -3.64308 0.390711 0 2.3818 -7.35973 0
0.188 -3.65241 0.466686 0 2.21379 -7.43605 0
0.189 -3.66017 0.543148 0 2.04401 -7.50832 0
0.19 -3.66634 0.620067 0 1.87256 -7.57652 0
0.191 -3.6709 0.697407 0 1.69953 -7.64063 0
0.192 -3.67385 0.775137 0 1.52502 -7.7006 0
0.193 -3.67516 0.853222 0 1.34915 -7.75643 0
0.194 -3.67483 0.931628 0 1.172 -7.8081 0
0.195 -3.67284 1.01032 0 0.993695 -7.85558 0
0.196 -3.66918 1.08927 0 0.81432 -7.89887 0
0.197 -3.66385 1.16844 0 0.633983 -7.93795 0
0.198 -3.65683 1.24778 0 0.452783 -7.97282 0
0.199 -3.64812 1.32728 0 0.270822 -8.00346 0
0.2 -3.63771 1.40688 0 0.0881981 -8.02987 0
0.201 -3.62558 1.48656 0 -0.0949878 -8.05205 0
0.202 -3.61174 1.56628 0 -0.278636 -8.07001 0
0.203 -3.59617 1.646 0 -0.462648 -8.08373 0
0.204 -3.57888 1.72569 0 -0.646926 -8.09323 0
0.205 -3.55986 1.8053 0 -0.831374 -8.09851 0
0.206 -3.5391 1.88481 0 -1.0159 -8.09959 0
0.207 -3.51661 1.96417 0 -1.20039 -8.09647 0
0.208 -3.49237 2.04335 0 -1.38477 -8.08916 0
0.209 -3.4664 2.12231 0 -1.56894 -8.07768 0
0.21 -3.43868 2.20101 0 -1.7528 -8.06205 0
0.211 -3.40923 2.27941 0 -1.93626 -8.04229 0
0.212 -3.37804 2.35748 0 -2.11923 -8.01842 0
0.213 -3.34511 2.43518 0 -2.30163 -7.99045 0
0.214 -3.31045 2.51247 0 -2.48335 -7.95842 0
0.215 -3.27405 2.58932 0 -2.66431 -7.92235 0
0.216 -3.23594 2.66568 0 -2.84443 -7.88227 0
0.217 -3.1961 2.74152 0 -3.02362 -7.83822 0
0.218 -3.15456 2.81679 0 -3.20179 -7.79021 0
0.219 -3.1113 2.89147 0 -3.37885 -7.73829 0
0.22 -3.06635 2.96552 0 -3.55473 -7.68249 0
0.221 -3.0197 3.03889 0 -3.72935 -7.62284 0
0.222 -2.97138 3.11155 0 -3.90263 -7.55939 0
0.223 -2.92139 3.18347 0 -4.07447 -7.49218 0
0.224 -2.86974 3.25459 0 -4.24482 -7.42124 0
0.225 -2.81645 3.3249 0 -4.41358 -7.34662 0
0.226 -2.76152 3.39435 0 -4.58068 -7.26837 0
0.227 -2.70497 3.4629 0 -4.74606 -7.18652 0
0.228 -2.64681 3.53052 0 -4.90964 -7.10113 0
0.229 -2.58706 3.59718 0 -5.07134 -7.01224 0
0.23 -2.52574 3.66283 0 -5.2311 -6.9199 0
0.231 -2.46286 3.72744 0 -5.38885 -6.82417 0
0.232 -2.39844 3.79097 0 -5.54451 -6.72509 0
0.233 -2.3325 3.85339 0 -5.69804 -6.62273 0
0.234 -2.26505 3.91467 0 -5.84935 -6.51712 0
0.235 -2.19612 3.97477 0 -5.9984 -6.40833 0
0.236 -2.12573 4.03365 0 -6.14511 -6.29642 0
0.237 -2.0539 4.09129 0 -6.28942 -6.18143 0
0.238 -1.98065 4.14765 0 -6.43129 -6.06344 0
0.239 -1.906 4.20269 0 -6.57065 -5.94249 0
0.24 -1.82998 4.25638 0 -6.70745 -5.81866 0
0.241 -1.75261 4.30869 0 -6.84163 -5.69199 0
0.242 -1.67392 4.3596 0 -6.97313 -5.56255 0
0.243 -1.59393 4.40906 0 -7.10192 -5.4304 0
0.244 -1.51267 4.45705 0 -7.22794 -5.29561 0
0.245 -1.43017 4.50354 0 -7.35114 -5.15824 0
0.246 -1.34645 4.54849 0 -7.47148 -5.01836 0
0.247 -1.26154 4.59188 0 -7.5889 -4.87602 0
0.248 -1.17548 4.63368 0 -7.70338 -4.7313 0
0.249 -1.08829 4.67386 0 -7.81486 -4.58426 0
0.25 -1 4.71239 0 -7.92331 -4.43497 0
0.251 -0.910645 4.74925 0 -8.02868 -4.2835 0
0.252 -0.820256 4.7844 0 -8.13095 -4.12991 0
0.253 -0.728866 4.81783 0 -8.23007 -3.97427 0
0.254 -0.636508 4.84951 0 -8.32601 -3.81665 0
0.255 -0.543216 4.87941 0 -8.41874 -3.65712 0
0.256 -0.449024 4.90751 0 -8.50823 -3.49575 0
0.257 -0.353965 4.93379 0 -8.59445 -3.3326 0
0.258 -0.258076 4.95822 0 -8.67737 -3.16776 0
0.259 -0.161392 4.98078 0 -8.75696 -3.00128 0
0.26 -0.0639511 5.00146 0 -8.8332 -2.83325 0
0.261 0.0342095 5.02022 0 -8.90606 -2.66372 0
0.262 0.133053 5.03705 0 -8.97553 -2.49277 0
0.263 0.232543 5.05194 0 -9.04158 -2.32048 0
0.264 0.33264 5.06485 0 -9.1042 -2.1469 0
0.265 0.433305 5.07578 0 -9.16336 -1.97212 0
0.266 0.534498 5.08471 0 -9.21905 -1.7962 0
0.267 0.636179 5.09163 0 -9.27126 -1.61922 0
0.268 0.738308 5.09651 0 -9.31997 -1.44124 0
0.269 0.840845 5.09934 0 -9.36518 -1.26234 0
0.27 0.94375 5.10011 0 -9.40686 -1.08259 0
0.271 1.04698 5.09881 0 -9.44502 -0.902055 0
0.272 1.15049 5.09542 0 -9.47964 -0.720809 0
0.273 1.25425 5.08993 0 -9.51072 -0.538923 0
0.274 1.3582 5.08234 0 -9.53825 -0.356466 0
0.275 1.46231 5.07264 0 -9.56223 -0.173508 0
0.276 1.56654 5.0608 0 -9.58267 0.00988106 0
0.277 1.67083 5.04684 0 -9.59955 0.19363 0
0.278 1.77515 5.03073 0 -9.61288 0.37767 0
0.279 1.87946 5.01248 0 -9.62265 0.561933 0
0.28 1.9837 4.99208 0 -9.62889 0.746351 0
0.281 2.08784 4.96953 0 -9.63158 0.930855 0
0.282 2.19183 4.94482 0 -9.63074 1.11538 0
0.283 2.29562 4.91794 0 -9.62637 1.29985 0
0.284 2.39918 4.88891 0 -9.61848 1.4842 0
0.285 2.50246 4.85771 0 -9.60708 1.66837 0
0.286 2.60541 4.82436 0 -9.59218 1.85229 0
0.287 2.70798 4.78884 0 -9.57379 2.0359 0
0.288 2.81014 4.75117 0 -9.55193 2.21912 0
0.289 2.91183 4.71134 0 -9.52662 2.4019 0
0.29 3.01302 4.66936 0 -9.49785 2.58416 0
0.291 3.11365 4.62523 0 -9.46566 2.76586 0
0.292 3.21369 4.57897 0 -9.43005 2.94691 0
0.293 3.31309 4.53057 0 -9.39106 3.12727 0
0.294 3.41179 4.48005 0 -9.3487 3.30686 0
0.295 3.50977 4.42741 0 -9.30299 3.48564 0
0.296 3.60697 4.37267 0 -9.25396 3.66352 0
0.297 3.70334 4.31583 0 -9.20161 3.84047 0
0.298 3.79885 4.25691 0 -9.14599 4.0164 0
0.299 3.89345 4.19591 0 -9.08711 4.19128 0
0.3 3.9871 4.13286 0 -9.025 4.36504 0
0.301 4.07974 4.06777 0 -8.9597 4.53762 0
0.302 4.17135 4.00064 0 -8.89121 4.70896 0
0.303 4.26186 3.93151 0 -8.81959 4.87902 0
0.304 4.35125 3.86038 0 -8.74484 5.04772 0
0.305 4.43946 3.78728 0 -8.66702 5.21503 0
0.306 4.52646 3.71222 0 -8.58614 5.38088 0
0.307 4.6122 3.63522 0 -8.50225 5.54523 0
0.308 4.69664 3.5563 0 -8.41536 5.70802 0
0.309 4.77974 3.47549 0 -8.32553 5.8692 0
0.31 4.86145 3.39281 0 -8.23277 6.02872 0
0.311 4.94174 3.30828 0 -8.13714 6.18652 0
0.312 5.02057 3.22192 0 -8.03866 6.34256 0
0.313 5.09788 3.13377 0 -7.93737 6.4968 0
0.314 5.17366 3.04384 0 -7.83332 6.64919 0
0.315 5.24784 2.95217 0 -7.72653 6.79967 0
0.316 5.32041 2.85878 0 -7.61705 6.94821 0
0.317 5.39131 2.76371 0 -7.50491 7.09475 0
0.318 5.46051 2.66697 0 -7.39017 7.23926 0
0.319 5.52798 2.56861 0 -7.27286 7.38168 0
0.32 5.59367 2.46864 0 -7.15302 7.522 0
0.321 5.65754 2.36711 0 -7.03069 7.66015 0
0.322 5.71958 2.26405 0 -6.90592 7.79609 0
0.323 5.77973 2.1595 0 -6.77875 7.9298 0
0.324 5.83796 2.05347 0 -6.64923 8.06122 0
0.325 5.89425 1.94602 0 -6.5174 8.19033 0
0.326 5.94855 1.83718 0 -6.3833 8.31708 0
0.327 6.00084 1.72697 0 -6.24699 8.44145 0
0.328 6.05107 1.61545 0 -6.1085 8.56339 0
0.329 6.09923 1.50265 0 -5.96788 8.68287 0
0.33 6.14529 1.3886 0 -5.82519 8.79986 0
0.331 6.1892 1.27336 0 -5.68046 8.91433 0
0.332 6.23095 1.15695 0 -5.53375 9.02624 0
0.333 6.27049 1.03942 0 -5.38511 9.13557 0
0.334 6.30782 0.920806 0 -5.23457 9.24229 0
0.335 6.34289 0.801158 0 -5.0822 9.34637 0
0.336 6.37569 0.680516 0 -4.92804 9.44777 0
0.337 6.40619 0.558922 0 -4.77214 9.54648 0
0.338 6.43437 0.43642 0 -4.61455 9.64247 0
0.339 6.46019 0.313055 0 -4.45532 9.73571 0
0.34 6.48364 0.188871 0 -4.2945 9.82619 0
0.341 6.5047 0.0639162 0 -4.13215 9.91388 0
0.342 6.52335 -0.0617638 0 -3.9683 9.99875 0
0.343 6.53957 -0.188123 0 -3.80302 10.0808 0
0.344 6.55333 -0.315114 0 -3.63635 10.16 0
0.345 6.56462 -0.44269 0 -3.46834 10.2363 0
0.346 6.57343 -0.570803 0 -3.29906 10.3097 0
0.347 6.57973 -0.699403 0 -3.12854 10.3802 0
0.348 6.58351 -0.828442 0 -2.95684 10.4478 0
0.349 6.58476 -0.957868 0 -2.78401 10.5124 0
0.35 6.58346 -1.08764 0 -2.61011 10.5741 0
0.351 6.57961 -1.21769 0 -2.43518 10.6329 0
0.352 6.57318 -1.34799 0 -2.25928 10.6886 0
0.353 6.56417 -1.47847 0 -2.08247 10.7414 0
0.354 6.55258 -1.60909 0 -1.90478 10.7911 0
0.355 6.53839 -1.7398 0 -1.72628 10.8379 0
0.356 6.52159 -1.87054 0 -1.54701 10.8816 0
0.357 6.50218 -2.00126 0 -1.36703 10.9223 0
0.358 6.48015 -2.13191 0 -1.1864 10.96 0
0.359 6.4555 -2.26244 0 -1.00516 10.9946 0
0.36 6.42823 -2.3928 0 -0.823356 11.0262 0
0.361 6.39833 -2.52292 0 -0.641053 11.0547 0
0.362 6.36581 -2.65277 0 -0.458298 11.0802 0
0.363 6.33065 -2.78229 0 -0.275143 11.1027 0
0.364 6.29287 -2.91141 0 -0.0916399 11.122 0
0.365 6.25247 -3.0401 0 0.0921598 11.1383 0
0.366 6.20944 -3.1683 0 0.276205 11.1516 0
0.367 6.1638 -3.29595 0 0.460446 11.1618 0
0.368 6.11555 -3.423 0 0.64483 11.1689 0
0.369 6.0647 -3.5494 0 0.829308 11.173 0
0.37 6.01124 -3.6751 0 1.01383 11.1741 0
0.371 5.9552 -3.80003 0 1.19834 11.172 0
0.372 5.89657 -3.92416 0 1.38279 11.167 0
0.373 5.83538 -4.04742 0 1.56714 11.1589 0
0.374 5.77164 -4.16976 0 1.75132 11.1478 0
0.375 5.70535 -4.29114 0 1.9353 11.1337 0
0.376 5.63653 -4.41149 0 2.11903 11.1165 0
0.377 5.56519 -4.53077 0 2.30245 11.0964 0
0.378 5.49136 -4.64892 0 2.48551 11.0732 0
0.379 5.41505 -4.76589 0 2.66818 11.0471 0
0.38 5.33627 -4.88163 0 2.85039 11.018 0
0.381 5.25505 -4.99609 0 3.0321 10.9859 0
0.382 5.17141 -5.10922 0 3.21327 10.9509 0
0.383 5.08536 -5.22097 0 3.39385 10.913 0
0.384 4.99694 -5.33128 0 3.5738 10.8721 0
0.385 4.90616 -5.4401 0 3.75305 10.8283 0
0.386 4.81305 -5.5474 0 3.93158 10.7817 0
0.387 4.71764 -5.65311 0 4.10932 10.7321 0
0.388 4.61995 -5.75719 0 4.28625 10.6797 0
0.389 4.52 -5.85959 0 4.46231 10.6245 0
0.39 4.41783 -5.96026 0 4.63746 10.5665 0
0.391 4.31347 -6.05916 0 4.81166 10.5056 0
0.392 4.20695 -6.15623 0 4.98486 10.442 0
0.393 4.09831 -6.25144 0 5.15702 10.3755 0
0.394 3.98756 -6.34473 0 5.3281 10.3064 0
0.395 3.87475 -6.43606 0 5.49805 10.2345 0
0.396 3.75991 -6.52539 0 5.66683 10.16 0
0.397 3.64307 -6.61267 0 5.83441 10.0827 0
0.398 3.52428 -6.69785 0 6.00073 10.0028 0
0.399 3.40358 -6.78091 0 6.16577 9.92029 0
0.4 3.28099 -6.86178 0 6.32948 9.83516 0
0.401 3.15656 -6.94044 0 6.49183 9.74744 0
0.402 3.03032 -7.01683 0 6.65276 9.65717 0
0.403 2.90233 -7.09093 0 6.81225 9.56437 0
0.404 2.77262 -7.16269 0 6.97025 9.46906 0
0.405 2.64124 -7.23207 0 7.12674 9.37129 0
0.406 2.50822 -7.29904 0 7.28167 9.27106 0
0.407 2.37361 -7.36356 0 7.435 9.16841 0
0.408 2.23746 -7.42559 0 7.58671 9.06337 0
0.409 2.09982 -7.48509 0 7.73676 8.95597 0
0.41 1.96073 -7.54204 0 7.8851 8.84623 0
0.411 1.82023 -7.5964 0 8.03171 8.73419 0
0.412 1.67839 -7.64814 0 8.17656 8.61987 0
0.413 1.53524 -7.69722 0 8.3196 8.50332 0
0.414 1.39083 -7.74361 0 8.46082 8.38455 0
0.415 1.24522 -7.78729 0 8.60018 8.2636 0
0.416 1.09845 -7.82823 0 8.73764 8.1405 0
0.417 0.950591 -7.86639 0 8.87317 8.01529 0
0.418 0.801681 -7.90176 0 9.00675 7.88799 0
0.419 0.651774 -7.93429 0 9.13835 7.75864 0
0.42 0.500925 -7.96398 0 9.26793 7.62727 0
0.421 0.349189 -7.99079 0 9.39547 7.49393 0
0.422 0.19662 -8.01471 0 9.52095 7.35863 0
0.423 0.0432761 -8.03571 0 9.64433 7.22142 0
0.424 -0.110788 -8.05377 0 9.76558 7.08233 0
0.425 -0.265518 -8.06887 0 9.88469 6.9414 0
0.426 -0.420856 -8.08099 0 10.0016 6.79866 0
0.427 -0.576744 -8.09011 0 10.1163 6.65414 0
0.428 -0.733124 -8.09622 0 10.2289 6.50789 0
0.429 -0.889938 -8.09931 0 10.3391 6.35993 0
0.43 -1.04713 -8.09935 0 10.4471 6.21032 0
0.431 -1.20463 -8.09635 0 10.5528 6.05907 0
0.432 -1.36239 -8.09027 0 10.6562 5.90624 0
0.433 -1.52035 -8.08111 0 10.7573 5.75185 0
0.434 -1.67845 -8.06887 0 10.856 5.59595 0
0.435 -1.83662 -8.05354 0 10.9523 5.43856 0
0.436 -1.99481 -8.0351 0 11.0462 5.27974 0
0.437 -2.15295 -8.01356 0 11.1378 5.11952 0
0.438 -2.31099 -7.9889 0 11.2269 4.95793 0
0.439 -2.46886 -7.96113 0 11.3135 4.79502 0
0.44 -2.6265 -7.93023 0 11.3977 4.63082 0
0.441 -2.78386 -7.89622 0 11.4794 4.46538 0
0.442 -2.94086 -7.85909 0 11.5586 4.29872 0
0.443 -3.09744 -7.81884 0 11.6353 4.13089 0
0.444 -3.25355 -7.77547 0 11.7095 3.96193 0
0.445 -3.40912 -7.72899 0 11.7811 3.79189 0
0.446 -3.5641 -7.6794 0 11.8502 3.62079 0
0.447 -3.71841 -7.62671 0 11.9167 3.44867 0
0.448 -3.872 -7.57092 0 11.9807 3.27559 0
0.449 -4.0248 -7.51205 0 12.0421 3.10157 0
0.45 -4.17675 -7.45011 0 12.1008 2.92665 0
0.451 -4.3278 -7.3851 0 12.157 2.75088 0
0.452 -4.47787 -7.31703 0 12.2105 2.5743 0
0.453 -4.62692 -7.24593 0 12.2614 2.39694 0
0.454 -4.77487 -7.1718 0 12.3097 2.21885 0
0.455 -4.92166 -7.09467 0 12.3554 2.04006 0
0.456 -5.06724 -7.01455 0 12.3984 1.86062 0
0.457 -5.21154 -6.93145 0 12.4387 1.68056 0
0.458 -5.35451 -6.8454 0 12.4764 1.49993 0
0.459 -5.49608 -6.75642 0 12.5114 1.31876 0
0.46 -5.63619 -6.66453 0 12.5438 1.13709 0
0.461 -5.77479 -6.56976 0 12.5734 0.954974 0
0.462 -5.91181 -6.47212 0 12.6005 0.772438 0
0.463 -6.0472 -6.37165 0 12.6248 0.589526 0
0.464 -6.18089 -6.26837 0 12.6464 0.406278 0
0.465 -6.31283 -6.16231 0 12.6654 0.222733 0
0.466 -6.44297 -6.0535 0 12.6817 0.0389307 0
0.467 -6.57125 -5.94197 0 12.6953 -0.14509 0
0.468 -6.6976 -5.82775 0 12.7062 -0.329289 0
0.469 -6.82198 -5.71087 0 12.7144 -0.513628 0
0.47 -6.94432 -5.59137 0 12.7199 -0.698068 0
0.471 -7.06458 -5.46929 0 12.7228 -0.882568 0
0.472 -7.18269 -5.34465 0 12.723 -1.06709 0
0.473 -7.29862 -5.2175 0 12.7205 -1.2516 0
0.474 -7.41229 -5.08788 0 12.7154 -1.43604 0
0.475 -7.52367 -4.95583 0 12.7075 -1.6204 0
0.476 -7.6327 -4.82138 0 12.697 -1.80462 0
0.477 -7.73932 -4.68457 0 12.6839 -1.98868 0
0.478 -7.84349 -4.54546 0 12.6681 -2.17252 0
0.479 -7.94517 -4.40408 0 12.6497 -2.35612 0
0.48 -8.04429 -4.26049 0 12.6286 -2.53944 0
0.481 -8.14082 -4.11472 0 12.6049 -2.72243 0
0.482 -8.23471 -3.96682 0 12.5786 -2.90506 0
0.483 -8.3259 -3.81684 0 12.5496 -3.0873 0
0.484 -8.41436 -3.66483 0 12.5181 -3.26911 0
0.485 -8.50004 -3.51084 0 12.4839 -3.45044 0
0.486 -8.58291 -3.35492 0 12.4472 -3.63127 0
0.487 -8.6629 -3.19712 0 12.4079 -3.81156 0
0.488 -8.74 -3.0375 0 12.366 -3.99126 0
0.489 -8.81414 -2.8761 0 12.3216 -4.17036 0
0.49 -8.8853 -2.71299 0 12.2746 -4.3488 0
0.491 -8.95343 -2.54822 0 12.2251 -4.52655 0
0.492 -9.01851 -2.38184 0 12.173 -4.70359 0
0.493 -9.08049 -2.21391 0 12.1185 -4.87987 0
0.494 -9.13933 -2.04449 0 12.0615 -5.05536 0
0.495 -9.19501 -1.87364 0 12.002 -5.23003 0
0.496 -9.24749 -1.70142 0 11.94 -5.40384 0
0.497 -9.29673 -1.52788 0 11.8756 -5.57675 0
0.498 -9.34272 -1.35309 0 11.8088 -5.74874 0
0.499 -9.38541 -1.17711 0 11.7395 -5.91978 0
0.5 -9.42478 -1 0 11.6679 -6.08981 0
0.501 -9.4608 -0.821824 0 11.5938 -6.25883 0
0.502 -9.49344 -0.642645 0 11.5174 -6.42679 0
0.503 -9.52268 -0.462529 0 11.4387 -6.59366 0
0.504 -9.54851 -0.281539 0 11.3576 -6.75942 0
0.505 -9.57089 -0.0997415 0 11.2742 -6.92402 0
0.506 -9.5898 0.0827989 0 11.1885 -7.08744 0
0.507 -9.60522 0.266017 0 11.1005 -7.24964 0
0.508 -9.61713 0.449846 0 11.0103 -7.4106 0
0.509 -9.62552 0.634217 0 10.9179 -7.57029 0
0.51 -9.63037 0.819062 0 10.8232 -7.72867 0
0.511 -9.63167 1.00431 0 10.7263 -7.88573 0
0.512 -9.6294 1.1899 0 10.6273 -8.04142 0
0.513 -9.62355 1.37576 0 10.5261 -8.19573 0
0.514 -9.6141 1.56183 0 10.4228 -8.34861 0
0.515 -9.60106 1.74802 0 10.3174 -8.50005 0
0.516 -9.5844 1.93427 0 10.2098 -8.65001 0
0.517 -9.56413 2.12052 0 10.1003 -8.79847 0
0.518 -9.54024 2.30668 0 9.98865 -8.94541 0
0.519 -9.51273 2.4927 0 9.87502 -9.09079 0
0.52 -9.48158 2.6785 0 9.75939 -9.2346 0
0.521 -9.4468 2.864 0 9.6418 -9.3768 0
0.522 -9.40839 3.04914 0 9.52226 -9.51736 0
0.523 -9.36635 3.23385 0 9.4008 -9.65627 0
0.524 -9.32069 3.41806 0 9.27744 -9.7935 0
0.525 -9.27141 3.60169 0 9.15222 -9.92902 0
0.526 -9.2185 3.78468 0 9.02515 -10.0628 0
0.527 -9.16199 3.96694 0 8.89626 -10.1949 0
0.528 -9.10187 4.14842 0 8.76558 -10.3251 0
0.529 -9.03817 4.32904 0 8.63313 -10.4536 0
0.53 -8.97088 4.50872 0 8.49894 -10.5803 0
0.531 -8.90003 4.68741 0 8.36303 -10.7051 0
0.532 -8.82562 4.86502 0 8.22544 -10.828 0
0.533 -8.74767 5.04149 0 8.08619 -10.9491 0
0.534 -8.6662 5.21674 0 7.94531 -11.0683 0
0.535 -8.58123 5.39071 0 7.80282 -11.1855 0
0.536 -8.49277 5.56333 0 7.65875 -11.3008 0
0.537 -8.40086 5.73452 0 7.51314 -11.4141 0
0.538 -8.30549 5.90422 0 7.366 -11.5255 0
0.539 -8.20671 6.07236 0 7.21737 -11.6348 0
0.54 -8.10454 6.23887 0 7.06728 -11.7422 0
0.541 -7.999 6.40368 0 6.91575 -11.8475 0
0.542 -7.89013 6.56672 0 6.76282 -11.9507 0
0.543 -7.77794 6.72793 0 6.60851 -12.0519 0
0.544 -7.66248 6.88724 0 6.45285 -12.151 0
0.545 -7.54377 7.04458 0 6.29587 -12.248 0
0.546 -7.42185 7.19989 0 6.13761 -12.3429 0
0.547 -7.29674 7.3531 0 5.97809 -12.4356 0
0.548 -7.1685 7.50415 0 5.81734 -12.5262 0
0.549 -7.03715 7.65297 0 5.65538 -12.6146 0
0.55 -6.90274 7.7995 0 5.49226 -12.7009 0
0.551 -6.76529 7.94368 0 5.32801 -12.7849 0
0.552 -6.62486 8.08543 0 5.16264 -12.8668 0
0.553 -6.48148 8.22472 0 4.99619 -12.9465 0
0.554 -6.33521 8.36146 0 4.8287 -13.0239 0
0.555 -6.18608 8.49561 0 4.6602 -13.0991 0
0.556 -6.03414 8.62711 0 4.4907 -13.172 0
0.557 -5.87944 8.75588 0 4.32026 -13.2427 0
0.558 -5.72202 8.88188 0 4.14889 -13.3111 0
0.559 -5.56194 9.00506 0 3.97662 -13.3773 0
0.56 -5.39924 9.12535 0 3.8035 -13.4411 0
0.561 -5.23399 9.2427 0 3.62954 -13.5026 0
0.562 -5.06623 9.35706 0 3.45479 -13.5619 0
0.563 -4.89601 9.46837 0 3.27927 -13.6188 0
0.564 -4.72339 9.57658 0 3.10301 -13.6734 0
0.565 -4.54844 9.68164 0 2.92605 -13.7257 0
0.566 -4.37119 9.7835 0 2.74841 -13.7756 0
0.567 -4.19173 9.88212 0 2.57013 -13.8232 0
0.568 -4.01009 9.97744 0 2.39124 -13.8685 0
0.569 -3.82635 10.0694 0 2.21177 -13.9114 0
0.57 -3.64057 10.158 0 2.03176 -13.9519 0
0.571 -3.4528 10.2432 0 1.85123 -13.99 0
0.572 -3.26311 10.3248 0 1.67021 -14.0258 0
0.573 -3.07158 10.403 0 1.48874 -14.0593 0
0.574 -2.87825 10.4776 0 1.30685 -14.0903 0
0.575 -2.6832 10.5486 0 1.12456 -14.119 0
0.576 -2.4865 10.616 0 0.941924 -14.1453 0
0.577 -2.2882 10.6797 0 0.758956 -14.1692 0
0.578 -2.08839 10.7397 0 0.575692 -14.1907 0
0.579 -1.88713 10.7959 0 0.392164 -14.2098 0
0.58 -1.6845 10.8484 0 0.208402 -14.2265 0
0.581 -1.48055 10.897 0 0.0244379 -14.2409 0
0.582 -1.27537 10.9418 0 -0.159697 -14.2528 0
0.583 -1.06903 10.9828 0 -0.343972 -14.2624 0
0.584 -0.86159 11.0198 0 -0.528354 -14.2695 0
0.585 -0.653138 11.053 0 -0.712814 -14.2743 0
0.586 -0.443745 11.0821 0 -0.897321 -14.2767 0
0.587 -0.233484 11.1073 0 -1.08184 -14.2767 0
0.588 -0.0224314 11.1285 0 -1.26635 -14.2744 0
0.589 0.189338 11.1457 0 -1.45081 -14.2696 0
0.59 0.401748 11.1589 0 -1.63519 -14.2625 0
0.591 0.614718 11.168 0 -1.81947 -14.253 0
0.592 0.828173 11.173 0 -2.00361 -14.2411 0
0.593 1.04203 11.1739 0 -2.18758 -14.2268 0
0.594 1.25622 11.1708 0 -2.37136 -14.2102 0
0.595 1.47067 11.1635 0 -2.5549 -14.1913 0
0.596 1.68528 11.1521 0 -2.73819 -14.1699 0
0.597 1.89998 11.1366 0 -2.92118 -14.1463 0
0.598 2.1147 11.117 0 -3.10386 -14.1203 0
0.599 2.32934 11.0932 0 -3.2862 -14.0919 0
0.6 2.54384 11.0652 0 -3.46815 -14.0613 0
0.601 2.75812 11.0331 0 -3.6497 -14.0283 0
0.602 2.97208 10.9969 0 -3.83082 -13.993 0
0.603 3.18565 10.9565 0 -4.01146 -13.9554 0
0.604 3.39876 10.9119 0 -4.19162 -13.9155 0
0.605 3.61131 10.8632 0 -4.37125 -13.8733 0
0.606 3.82324 10.8104 0 -4.55033 -13.8288 0
0.607 4.03445 10.7534 0 -4.72883 -13.782 0
0.608 4.24487 10.6923 0 -4.90673 -13.733 0
0.609 4.45441 10.6271 0 -5.08399 -13.6818 0
0.61 4.66301 10.5577 0 -5.26058 -13.6283 0
0.611 4.87057 10.4843 0 -5.43649 -13.5725 0
0.612 5.07701 10.4068 0 -5.61167 -13.5146 0
0.613 5.28226 10.3252 0 -5.78611 -13.4544 0
0.614 5.48624 10.2396 0 -5.95977 -13.392 0
0.615 5.68886 10.15 0 -6.13264 -13.3275 0
0.616 5.89004 10.0563 0 -6.30467 -13.2608 0
0.617 6.08972 9.95873 0 -6.47585 -13.1919 0
0.618 6.28781 9.85714 0 -6.64615 -13.1209 0
0.619 6.48422 9.75163 0 -6.81555 -13.0477 0
0.62 6.67888 9.6422 0 -6.98402 -12.9724 0
0.621 6.87172 9.52889 0 -7.15152 -12.895 0
0.622 7.06266 9.41174 0 -7.31804 -12.8155 0
0.623 7.25162 9.29077 0 -7.48355 -12.7339 0
0.624 7.43853 9.16601 0 -7.64803 -12.6503 0
0.625 7.6233 9.03751 0 -7.81145 -12.5646 0
0.626 7.80586 8.90529 0 -7.97378 -12.4769 0
0.627 7.98615 8.7694 0 -8.13501 -12.3871 0
0.628 8.16408 8.62986 0 -8.2951 -12.2954 0
0.629 8.33958 8.48674 0 -8.45404 -12.2016 0
0.63 8.51259 8.34006 0 -8.6118 -12.1059 0
0.631 8.68302 8.18987 0 -8.76836 -12.0083 0
0.632 8.85081 8.03621 0 -8.92368 -11.9087 0
0.633 9.01589 7.87913 0 -9.07776 -11.8071 0
0.634 9.17818 7.71868 0 -9.23056 -11.7037 0
0.635 9.33763 7.55491 0 -9.38207 -11.5984 0
0.636 9.49416 7.38787 0 -9.53226 -11.4912 0
0.637 9.6477 7.21761 0 -9.68112 -11.3821 0
0.638 9.79819 7.04418 0 -9.82861 -11.2712 0
0.639 9.94556 6.86764 0 -9.97473 -11.1586 0
0.64 10.0898 6.68804 0 -10.1194 -11.0441 0
0.641 10.2307 6.50544 0 -10.2627 -10.9278 0
0.642 10.3684 6.31991 0 -10.4046 -10.8098 0
0.643 10.5026 6.13149 0 -10.5449 -10.69 0
0.644 10.6335 5.94026 0 -10.6838 -10.5685 0
0.645 10.7609 5.74626 0 -10.8212 -10.4453 0
0.646 10.8847 5.54957 0 -10.957 -10.3205 0
0.647 11.0049 5.35025 0 -11.0914 -10.1939 0
0.648 11.1215 5.14838 0 -11.2241 -10.0658 0
0.649 11.2344 4.944 0 -11.3553 -9.936 0
0.65 11.3435 4.7372 0 -11.4849 -9.80462 0
0.651 11.4488 4.52803 0 -11.6128 -9.67166 0
0.652 11.5503 4.31658 0 -11.7391 -9.53715 0
0.653 11.6478 4.10291 0 -11.8638 -9.4011 0
0.654 11.7414 3.8871 0 -11.9868 -9.26354 0
0.655 11.831 3.66921 0 -12.1081 -9.12449 0
0.656 11.9165 3.44933 0 -12.2277 -8.98398 0
0.657 11.9979 3.22753 0 -12.3455 -8.84201 0
0.658 12.0752 3.00387 0 -12.4617 -8.69862 0
0.659 12.1484 2.77845 0 -12.5761 -8.55383 0
0.66 12.2173 2.55135 0 -12.6887 -8.40766 0
0.661 12.2819 2.32263 0 -12.7995 -8.26013 0
0.662 12.3423 2.09238 0 -12.9085 -8.11127 0
0.663 12.3984 1.86067 0 -13.0157 -7.96109 0
0.664 12.45 1.6276 0 -13.1211 -7.80963 0
0.665 12.4974 1.39324 0 -13.2247 -7.6569 0
0.666 12.5402 1.15767 0 -13.3264 -7.50293 0
0.667 12.5787 0.920983 0 -13.4262 -7.34774 0
0.668 12.6127 0.683258 0 -13.5241 -7.19136 0
0.669 12.6421 0.444579 0 -13.6202 -7.0338 0
0.67 12.6671 0.205032 0 -13.7143 -6.8751 0
0.671 12.6875 -0.0352979 0 -13.8066 -6.71528 0
0.672 12.7033 -0.276323 0 -13.8968 -6.55436 0
0.673 12.7146 -0.517956 0 -13.9852 -6.39236 0
0.674 12.7212 -0.76011 0 -14.0716 -6.22931 0
0.675 12.7232 -1.0027 0 -14.156 -6.06524 0
0.676 12.7206 -1.24563 0 -14.2385 -5.90016 0
0.677 12.7134 -1.48882 0 -14.3189 -5.73411 0
0.678 12.7015 -1.73218 0 -14.3974 -5.5671 0
0.679 12.6849 -1.97562 0 -14.4739 -5.39917 0
0.68 12.6637 -2.21905 0 -14.5483 -5.23033 0
0.681 12.6378 -2.46238 0 -14.6207 -5.06062 0
0.682 12.6072 -2.70551 0 -14.6911 -4.89005 0
0.683 12.5719 -2.94837 0 -14.7595 -4.71865 0
0.684 12.532 -3.19086 0 -14.8258 -4.54645 0
0.685 12.4873 -3.43289 0 -14.89 -4.37347 0
0.686 12.438 -3.67436 0 -14.9522 -4.19974 0
0.687 12.384 -3.91519 0 -15.0123 -4.02528 0
0.688 12.3254 -4.1553 0 -15.0703 -3.85012 0
0.689 12.2621 -4.39457 0 -15.1262 -3.67428 0
0.69 12.1941 -4.63294 0 -15.1801 -3.49779 0
0.691 12.1215 -4.8703 0 -15.2318 -3.32067 0
0.692 12.0443 -5.10657 0 -15.2815 -3.14295 0
0.693 11.9625 -5.34166 0 -15.329 -2.96466 0
0.694 11.8761 -5.57547 0 -15.3744 -2.78581 0
0.695 11.7851 -5.80792 0 -15.4177 -2.60644 0
0.696 11.6896 -6.03892 0 -15.4589 -2.42657 0
0.697 11.5896 -6.26838 0 -15.4979 -2.24623 0
0.698 11.485 -6.49621 0 -15.5349 -2.06544 0
0.699 11.376 -6.72232 0 -15.5696 -1.88423 0
0.7 11.2625 -6.94663 0 -15.6023 -1.70261 0
0.701 11.1446 -7.16904 0 -15.6328 -1.52063 0
0.702 11.0223 -7.38947 0 -15.6611 -1.3383 0
0.703 10.8957 -7.60783 0 -15.6873 -1.15565 0
0.704 10.7647 -7.82404 0 -15.7114 -0.972703 0
0.705 10.6295 -8.03802 0 -15.7333 -0.789486 0
0.706 10.49 -8.24967 0 -15.7531 -0.606025 0
0.707 10.3463 -8.45892 0 -15.7707 -0.422345 0
0.708 10.1984 -8.66567 0 -15.7861 -0.238471 0
0.709 10.0464 -8.86985 0 -15.7994 -0.0544282 0
0.71 9.89038 -9.07137 0 -15.8106 0.129757 0
0.711 9.73029 -9.27016 0 -15.8196 0.31406 0
0.712 9.56621 -9.46613 0 -15.8264 0.498455 0
0.713 9.3982 -9.65921 0 -15.8311 0.682917 0
0.714 9.2263 -9.84931 0 -15.8336 0.867421 0
0.715 9.05056 -10.0364 0 -15.834 1.05194 0
0.716 8.87106 -10.2203 0 -15.8322 1.23646 0
0.717 8.68783 -10.401 0 -15.8283 1.42094 0
0.718 8.50094 -10.5784 0 -15.8222 1.60536 0
0.719 8.31044 -10.7525 0 -15.814 1.7897 0
0.72 8.1164 -10.9231 0 -15.8037 1.97393 0
0.721 7.91887 -11.0903 0 -15.7912 2.15803 0
0.722 7.71792 -11.2538 0 -15.7766 2.34197 0
0.723 7.51361 -11.4138 0 -15.7598 2.52573 0
0.724 7.30602 -11.57 0 -15.7409 2.70928 0
0.725 7.09521 -11.7224 0 -15.7199 2.8926 0
0.726 6.88124 -11.871 0 -15.6968 3.07567 0
0.727 6.66418 -12.0157 0 -15.6716 3.25846 0
0.728 6.44411 -12.1565 0 -15.6442 3.44095 0
0.729 6.2211 -12.2932 0 -15.6148 3.6231 0
0.73 5.99523 -12.4258 0 -15.5832 3.80491 0
0.731 5.76657 -12.5542 0 -15.5496 3.98634 0
0.732 5.53519 -12.6784 0 -15.5139 4.16737 0
0.733 5.30118 -12.7984 0 -15.4761 4.34797 0
0.734 5.0646 -12.9141 0 -15.4362 4.52813 0
0.735 4.82555 -13.0253 0 -15.3942 4.70782 0
0.736 4.5841 -13.1322 0 -15.3502 4.88702 0
0.737 4.34034 -13.2345 0 -15.3041 5.0657 0
0.738 4.09435 -13.3323 0 -15.256 5.24384 0
0.739 3.84621 -13.4256 0 -15.2059 5.42141 0
0.74 3.596 -13.5142 0 -15.1537 5.5984 0
0.741 3.34383 -13.5982 0 -15.0995 5.77479 0
0.742 3.08976 -13.6774 0 -15.0433 5.95054 0
0.743 2.83389 -13.7519 0 -14.9851 6.12563 0
0.744 2.57632 -13.8216 0 -14.9248 6.30005 0
0.745 2.31712 -13.8865 0 -14.8626 6.47377 0
0.746 2.05638 -13.9465 0 -14.7985 6.64677 0
0.747 1.79421 -14.0016 0 -14.7323 6.81903 0
0.748 1.5307 -14.0518 0 -14.6642 6.99053 0
0.749 1.26593 -14.097 0 -14.5942 7.16124 0
0.75 1 -14.1372 0 -14.5222 7.33114 0
0.751 0.733003 -14.1723 0 -14.4483 7.50021 0
0.752 0.465035 -14.2025 0 -14.3724 7.66843 0
0.753 0.196191 -14.2275 0 -14.2947 7.83578 0
0.754 -0.0734301 -14.2475 0 -14.2151 8.00224 0
0.755 -0.343733 -14.2624 0 -14.1336 8.16778 0
0.756 -0.614622 -14.2721 0 -14.0502 8.33239 0
0.757 -0.885999 -14.2766 0 -13.965 8.49605 0
0.758 -1.15777 -14.276 0 -13.8779 8.65873 0
0.759 -1.42983 -14.2703 0 -13.789 8.82042 0
0.76 -1.70208 -14.2593 0 -13.6982 8.9811 0
0.761 -1.97442 -14.2431 0 -13.6057 9.14074 0
0.762 -2.24676 -14.2218 0 -13.5114 9.29933 0
0.763 -2.51899 -14.1952 0 -13.4153 9.45684 0
0.764 -2.79101 -14.1634 0 -13.3174 9.61326 0
0.765 -3.06273 -14.1263 0 -13.2177 9.76857 0
0.766 -3.33405 -14.0841 0 -13.1164 9.92275 0
0.767 -3.60486 -14.0366 0 -13.0133 10.0758 0
0.768 -3.87506 -13.984 0 -12.9084 10.2276 0
0.769 -4.14455 -13.9261 0 -12.8019 10.3783 0
0.77 -4.41324 -13.863 0 -12.6937 10.5278 0
0.771 -4.68102 -13.7948 0 -12.5839 10.676 0
0.772 -4.9478 -13.7214 0 -12.4724 10.8231 0
0.773 -5.21346 -13.6428 0 -12.3592 10.9688 0
0.774 -5.47792 -13.559 0 -12.2444 11.1133 0
0.775 -5.74107 -13.4702 0 -12.128 11.2565 0
0.776 -6.00281 -13.3762 0 -12.0101 11.3983 0
0.777 -6.26305 -13.2771 0 -11.8905 11.5389 0
0.778 -6.52169 -13.173 0 -11.7694 11.6781 0
0.779 -6.77862 -13.0639 0 -11.6467 11.8159 0
0.78 -7.03375 -12.9497 0 -11.5225 11.9524 0
0.781 -7.28698 -12.8305 0 -11.3968 12.0875 0
0.782 -7.53821 -12.7064 0 -11.2696 12.2212 0
0.783 -7.78735 -12.5774 0 -11.141 12.3534 0
0.784 -8.0343 -12.4435 0 -11.0108 12.4843 0
0.785 -8.27897 -12.3047 0 -10.8792 12.6136 0
0.786 -8.52126 -12.1612 0 -10.7462 12.7415 0
0.787 -8.76107 -12.0129 0 -10.6118 12.8679 0
0.788 -8.99831 -11.8598 0 -10.476 12.9928 0
0.789 -9.23289 -11.7021 0 -10.3388 13.1162 0
0.79 -9.46472 -11.5397 0 -10.2003 13.2381 0
0.791 -9.69371 -11.3728 0 -10.0604 13.3584 0
0.792 -9.91976 -11.2013 0 -9.91918 13.4772 0
0.793 -10.1428 -11.0253 0 -9.77667 13.5945 0
0.794 -10.3627 -10.8449 0 -9.63288 13.7101 0
0.795 -10.5794 -10.6601 0 -9.48782 13.8241 0
0.796 -10.7928 -10.471 0 -9.34151 13.9366 0
0.797 -11.0029 -10.2777 0 -9.19397 14.0474 0
0.798 -11.2094 -10.0801 0 -9.04522 14.1566 0
0.799 -11.4125 -9.87839 0 -8.89528 14.2641 0
0.8 -11.6119 -9.67261 0 -8.74416 14.37 0
0.801 -11.8076 -9.46281 0 -8.5919 14.4742 0
0.802 -11.9995 -9.24907 0 -8.43849 14.5768 0
0.803 -12.1876 -9.03145 0 -8.28397 14.6776 0
0.804 -12.3717 -8.81003 0 -8.12835 14.7768 0
0.805 -12.5518 -8.58488 0 -7.97166 14.8742 0
0.806 -12.7277 -8.35606 0 -7.81391 14.9699 0
0.807 -12.8996 -8.12366 0 -7.65512 15.0639 0
0.808 -13.0671 -7.88774 0 -7.49531 15.1562 0
0.809 -13.2304 -7.64838 0 -7.3345 15.2467 0
0.81 -13.3892 -7.40568 0 -7.17271 15.3354 0
0.811 -13.5437 -7.1597 0 -7.00996 15.4224 0
0.812 -13.6935 -6.91053 0 -6.84628 15.5075 0
0.813 -13.8388 -6.65825 0 -6.68167 15.5909 0
0.814 -13.9795 -6.40295 0 -6.51617 15.6725 0
0.815 -14.1154 -6.1447 0 -6.34979 15.7523 0
0.816 -14.2466 -5.8836 0 -6.18255 15.8303 0
0.817 -14.3729 -5.61975 0 -6.01447 15.9064 0
0.818 -14.4944 -5.35321 0 -5.84557 15.9807 0
0.819 -14.6109 -5.0841 0 -5.67588 16.0532 0
0.82 -14.7223 -4.81249 0 -5.50541 16.1238 0
0.821 -14.8288 -4.53848 0 -5.33418 16.1926 0
0.822 -14.9301 -4.26217 0 -5.16222 16.2595 0
0.823 -15.0263 -3.98366 0 -4.98954 16.3246 0
0.824 -15.1173 -3.70303 0 -4.81617 16.3877 0
0.825 -15.203 -3.42038 0 -4.64213 16.449 0
0.826 -15.2834 -3.13582 0 -4.46743 16.5084 0
0.827 -15.3585 -2.84944 0 -4.29211 16.566 0
0.828 -15.4283 -2.56134 0 -4.11617 16.6216 0
0.829 -15.4926 -2.27162 0 -3.93964 16.6753 0
0.83 -15.5515 -1.98039 0 -3.76254 16.7271 0
0.831 -15.6049 -1.68775 0 -3.58489 16.777 0
0.832 -15.6527 -1.39379 0 -3.40672 16.825 0
0.833 -15.6951 -1.09863 0 -3.22804 16.871 0
0.834 -15.7318 -0.802374 0 -3.04887 16.9152 0
0.835 -15.763 -0.505118 0 -2.86924 16.9574 0
0.836 -15.7886 -0.206974 0 -2.68917 16.9977 0
0.837 -15.8085 0.0919533 0 -2.50867 17.036 0
0.838 -15.8227 0.391558 0 -2.32778 17.0724 0
0.839 -15.8313 0.691731 0 -2.1465 17.1069 0
0.84 -15.8341 0.992366 0 -1.96486 17.1394 0
0.841 -15.8312 1.29335 0 -1.78289 17.1699 0
0.842 -15.8226 1.59458 0 -1.6006 17.1985 0
0.843 -15.8083 1.89595 0 -1.41802 17.2252 0
0.844 -15.7882 2.19734 0 -1.23515 17.2499 0
0.845 -15.7624 2.49864 0 -1.05204 17.2726 0
0.846 -15.7308 2.79975 0 -0.868694 17.2934 0
0.847 -15.6935 3.10056 0 -0.685136 17.3123 0
0.848 -15.6504 3.40095 0 -0.501388 17.3292 0
0.849 -15.6016 3.70082 0 -0.31747 17.3441 0
0.85 -15.547 4.00005 0 -0.133404 17.357 0
0.851 -15.4866 4.29854 0 0.0507898 17.368 0
0.852 -15.4205 4.59617 0 0.23509 17.3771 0
0.853 -15.3487 4.89283 0 0.419476 17.3841 0
0.854 -15.2712 5.18842 0 0.603927 17.3892 0
0.855 -15.188 5.48283 0 0.788422 17.3924 0
0.856 -15.0991 5.77594 0 0.97294 17.3936 0
0.857 -15.0046 6.06764 0 1.15746 17.3928 0
0.858 -14.9044 6.35782 0 1.34196 17.3901 0
0.859 -14.7986 6.64639 0 1.52643 17.3855 0
0.86 -14.6872 6.93322 0 1.71083 17.3788 0
0.861 -14.5703 7.21821 0 1.89515 17.3703 0
0.862 -14.4478 7.50125 0 2.07937 17.3597 0
0.863 -14.3198 7.78224 0 2.26347 17.3473 0
0.864 -14.1864 8.06106 0 2.44743 17.3328 0
0.865 -14.0475 8.33761 0 2.63122 17.3165 0
0.866 -13.9033 8.61179 0 2.81484 17.2982 0
0.867 -13.7536 8.88349 0 2.99824 17.2779 0
0.868 -13.5987 9.15261 0 3.18143 17.2558 0
0.869 -13.4386 9.41904 0 3.36437 17.2317 0
0.87 -13.2732 9.68267 0 3.54705 17.2057 0
0.871 -13.1026 9.94342 0 3.72945 17.1778 0
0.872 -12.9269 10.2012 0 3.91154 17.1479 0
0.873 -12.7461 10.4558 0 4.09331 17.1161 0
0.874 -12.5604 10.7073 0 4.27473 17.0825 0
0.875 -12.3697 10.9555 0 4.45579 17.0469 0
0.876 -12.1741 11.2002 0 4.63647 17.0094 0
0.877 -11.9736 11.4415 0 4.81674 16.9701 0
0.878 -11.7684 11.6792 0 4.99659 16.9288 0
0.879 -11.5584 11.9133 0 5.176 16.8857 0
0.88 -11.3439 12.1435 0 5.35495 16.8407 0
0.881 -11.1247 12.37 0 5.53342 16.7938 0
0.882 -10.901 12.5924 0 5.7114 16.7451 0
0.883 -10.6729 12.8108 0 5.88885 16.6945 0
0.884 -10.4404 13.0251 0 6.06576 16.642 0
0.885 -10.2037 13.2352 0 6.24211 16.5878 0
0.886 -9.9627 13.4409 0 6.41789 16.5316 0
0.887 -9.71759 13.6423 0 6.59308 16.4737 0
0.888 -9.46842 13.8392 0 6.76765 16.4139 0
0.889 -9.21528 14.0315 0 6.94159 16.3523 0
0.89 -8.95825 14.2193 0 7.11488 16.2889 0
0.891 -8.69742 14.4023 0 7.28751 16.2237 0
0.892 -8.43286 14.5805 0 7.45945 16.1568 0
0.893 -8.16468 14.7539 0 7.63068 16.088 0
0.894 -7.89296 14.9223 0 7.80119 16.0175 0
0.895 -7.61778 15.0857 0 7.97096 15.9452 0
0.896 -7.33924 15.244 0 8.13996 15.8711 0
0.897 -7.05744 15.3972 0 8.30819 15.7953 0
0.898 -6.77247 15.5452 0 8.47563 15.7178 0
0.899 -6.48442 15.6879 0 8.64226 15.6385 0
0.9 -6.19341 15.8253 0 8.80806 15.5575 0
0.901 -5.89951 15.9572 0 8.97301 15.4748 0
0.902 -5.60283 16.0837 0 9.1371 15.3904 0
0.903 -5.30349 16.2047 0 9.30031 15.3043 0
0.904 -5.00157 16.3201 0 9.46263 15.2166 0
0.905 -4.69719 16.4299 0 9.62403 15.1271 0
0.906 -4.39044 16.534 0 9.7845 15.036 0
0.907 -4.08144 16.6323 0 9.94402 14.9433 0
0.908 -3.77028 16.7249 0 10.1026 14.8489 0
0.909 -3.45709 16.8116 0 10.2602 14.7529 0
0.91 -3.14196 16.8925 0 10.4167 14.6553 0
0.911 -2.82502 16.9675 0 10.5723 14.5561 0
0.912 -2.50637 17.0365 0 10.7268 14.4552 0
0.913 -2.18611 17.0995 0 10.8804 14.3528 0
0.914 -1.86437 17.1565 0 11.0328 14.2489 0
0.915 -1.54126 17.2074 0 11.1842 14.1434 0
0.916 -1.21689 17.2523 0 11.3344 14.0363 0
0.917 -0.891374 17.291 0 11.4836 13.9277 0
0.918 -0.564835 17.3236 0 11.6317 13.8175 0
0.919 -0.237385 17.35 0 11.7786 13.7059 0
0.92 0.0908613 17.3702 0 11.9244 13.5928 0
0.921 0.419784 17.3841 0 12.069 13.4782 0
0.922 0.749266 17.3919 0 12.2124 13.3621 0
0.923 1.07919 17.3934 0 12.3546 13.2445 0
0.924 1.40943 17.3886 0 12.4957 13.1255 0
0.925 1.73988 17.3776 0 12.6355 13.0051 0
0.926 2.07041 17.3603 0 12.774 12.8833 0
0.927 2.4009 17.3367 0 12.9114 12.76 0
0.928 2.73124 17.3068 0 13.0474 12.6354 0
0.929 3.06131 17.2705 0 13.1822 12.5094 0
0.93 3.39097 17.228 0 13.3157 12.382 0
0.931 3.72012 17.1792 0 13.4479 12.2533 0
0.932 4.04864 17.1241 0 13.5788 12.1232 0
0.933 4.37639 17.0627 0 13.7084 11.9918 0
0.934 4.70327 16.9951 0 13.8366 11.8591 0
0.935 5.02915 16.9211 0 13.9635 11.7251 0
0.936 5.35391 16.8409 0 14.089 11.5898 0
0.937 5.67744 16.7545 0 14.2131 11.4533 0
0.938 5.9996 16.6619 0 14.3358 11.3155 0
0.939 6.32029 16.563 0 14.4572 11.1765 0
0.94 6.63938 16.458 0 14.5771 11.0363 0
0.941 6.95675 16.3469 0 14.6956 10.8948 0
0.942 7.27229 16.2296 0 14.8126 10.7522 0
0.943 7.58588 16.1062 0 14.9282 10.6084 0
0.944 7.8974 15.9768 0 15.0424 10.4634 0
0.945 8.20672 15.8413 0 15.1551 10.3173 0
0.946 8.51375 15.6998 0 15.2663 10.1701 0
0.947 8.81835 15.5524 0 15.376 10.0217 0
0.948 9.12042 15.3991 0 15.4842 9.87227 0
0.949 9.41984 15.2399 0 15.591 9.72175 0
0.95 9.7165 15.0749 0 15.6962 9.57015 0
0.951 10.0103 14.9041 0 15.7999 9.41751 0
0.952 10.3011 14.7276 0 15.902 9.26383 0
0.953 10.5887 14.5454 0 16.0026 9.10914 0
0.954 10.8732 14.3577 0 16.1017 8.95345 0
0.955 11.1544 14.1643 0 16.1992 8.79677 0
0.956 11.4321 13.9654 0 16.2951 8.63912 0
0.957 11.7063 13.7611 0 16.3895 8.48052 0
0.958 11.9768 13.5515 0 16.4822 8.32098 0
0.959 12.2436 13.3365 0 16.5733 8.16052 0
0.96 12.5065 13.1162 0 16.6628 7.99915 0
0.961 12.7655 12.8908 0 16.7507 7.8369 0
0.962 13.0205 12.6603 0 16.8369 7.67378 0
0.963 13.2712 12.4247 0 16.9214 7.50979 0
0.964 13.5177 12.1842 0 17.0043 7.34497 0
0.965 13.7599 11.9388 0 17.0855 7.17933 0
0.966 13.9976 11.6886 0 17.165 7.01288 0
0.967 14.2307 11.4337 0 17.2429 6.84564 0
0.968 14.4592 11.1741 0 17.3191 6.67764 0
0.969 14.683 10.91 0 17.3936 6.50888 0
0.97 14.9019 10.6414 0 17.4665 6.3394 0
0.971 15.1159 10.3684 0 17.5377 6.1692 0
0.972 15.3249 10.0912 0 17.6073 5.99831 0
0.973 15.5289 9.80972 0 17.6753 5.82674 0
0.974 15.7276 9.52416 0 17.7417 5.65452 0
0.975 15.9212 9.23459 0 17.8065 5.48166 0
0.976 16.1095 8.94111 0 17.8696 5.30819 0
0.977 16.2923 8.64381 0 17.9312 5.13411 0
0.978 16.4697 8.3428 0 17.991 4.95944 0
0.979 16.6414 8.03816 0 18.0492 4.7842 0
0.98 16.8074 7.73001 0 18.1057 4.60839 0
0.981 16.9677 7.41843 0 18.1603 4.43203 0
0.982 17.122 7.10353 0 18.213 4.25513 0
0.983 17.2704 6.78543 0 18.2638 4.0777 0
0.984 17.413 6.46425 0 18.3126 3.89976 0
0.985 17.5497 6.14012 0 18.3594 3.72131 0
0.986 17.6806 5.81316 0 18.4041 3.54238 0
0.987 17.8058 5.48351 0 18.4466 3.36296 0
0.988 17.9252 5.15128 0 18.4869 3.18308 0
0.989 18.0387 4.81657 0 18.525 3.00275 0
0.99 18.1459 4.47945 0 18.5611 2.822 0
0.991 18.2463 4.13997 0 18.5953 2.64088 0
0.992 18.3396 3.7982 0 18.6278 2.45941 0
0.993 18.4253 3.45419 0 18.6588 2.27765 0
0.994 18.503 3.108 0 18.6884 2.09562 0
0.995 18.5729 2.75979 0 18.717 1.91336 0
0.996 18.6362 2.40988 0 18.7446 1.73091 0
0.997 18.6942 2.0586 0 18.7715 1.54832 0
0.998 18.7482 1.7063 0 18.7978 1.36561 0
0.999 18.7995 1.35332 0 18.8238 1.18282 0
1 18.8496 1 0 18.8496 1 0
