t uniform_x uniform_y chordal_x chordal_y
0 -1.76997e-12 1 0 -3.88454e-14 1 0
0.001 0.0244256 0.954017 0 0.0577162 0.793462 0
0.002 0.0488387 0.908042 0 0.114838 0.587694 0
0.003 0.073227 0.862086 0 0.170772 0.383468 0
0.004 0.0975779 0.816156 0 0.224923 0.181554 0
0.005 0.121879 0.770263 0 0.276697 -0.0172768 0
0.006 0.146118 0.724414 0 0.325499 -0.212254 0
0.007 0.170282 0.678619 0 0.370737 -0.402608 0
0.008 0.194359 0.632887 0 0.411815 -0.587566 0
0.009 0.218337 0.587227 0 0.448139 -0.766359 0
0.01 0.242202 0.541648 0 0.479115 -0.938215 0
0.011 0.265944 0.496158 0 0.504149 -1.10236 0
0.012 0.289548 0.450768 0 0.522646 -1.25804 0
0.013 0.313003 0.405485 0 0.534013 -1.40446 0
0.014 0.336296 0.360319 0 0.537655 -1.54086 0
0.015 0.359415 0.315278 0 0.532977 -1.66648 0
0.016 0.382347 0.270373 0 0.519387 -1.78053 0
0.017 0.40508 0.225611 0 0.496288 -1.88225 0
0.018 0.427601 0.181001 0 0.463088 -1.97087 0
0.019 0.449899 0.136553 0 0.419192 -2.04562 0
0.02 0.47196 0.0922764 0 0.364006 -2.10572 0
0.021 0.493772 0.0481789 0 0.297212 -2.15068 0
0.022 0.515323 0.00427008 0 0.21938 -2.18087 0
0.023 0.5366 -0.0394412 0 0.131255 -2.19682 0
0.024 0.55759 -0.0829459 0 0.0335814 -2.19907 0
0.025 0.578282 -0.126235 0 -0.0728954 -2.18817 0
0.026 0.598663 -0.1693 0 -0.18743 -2.16465 0
0.027 0.618721 -0.212131 0 -0.309278 -2.12906 0
0.028 0.638442 -0.25472 0 -0.437694 -2.08194 0
0.029 0.657815 -0.297057 0 -0.571933 -2.02381 0
0.03 0.676827 -0.339134 0 -0.71125 -1.95524 0
0.031 0.695465 -0.380941 0 -0.8549 -1.87674 0
0.032 0.713718 -0.42247 0 -1.00214 -1.78887 0
0.033 0.731573 -0.463712 0 -1.15222 -1.69217 0
0.034 0.749017 -0.504657 0 -1.3044 -1.58717 0
0.035 0.766037 -0.545297 0 -1.45793 -1.47441 0
0.036 0.782622 -0.585623 0 -1.61206 -1.35444 0
0.037 0.798759 -0.625625 0 -1.76606 -1.2278 0
0.038 0.814436 -0.665295 0 -1.91918 -1.09501 0
0.039 0.82964 -0.704624 0 -2.07067 -0.956637 0
0.04 0.844358 -0.743602 0 -2.21979 -0.813204 0
0.041 0.858579 -0.782221 0 -2.36579 -0.665256 0
0.042 0.872289 -0.820472 0 -2.50792 -0.513332 0
0.043 0.885477 -0.858346 0 -2.64545 -0.357972 0
0.044 0.898129 -0.895834 0 -2.77763 -0.199717 0
0.045 0.910234 -0.932927 0 -2.9037 -0.0391064 0
0.046 0.921779 -0.969615 0 -3.02294 0.12332 0
0.047 0.932751 -1.00589 0 -3.13458 0.287022 0
0.048 0.943139 -1.04174 0 -3.23789 0.451459 0
0.049 0.952929 -1.07717 0 -3.33213 0.616092 0
0.05 0.962109 -1.11215 0 -3.41654 0.780381 0
0.051 0.970667 -1.14668 0 -3.49038 0.943786 0
0.052 0.97859 -1.18076 0 -3.55291 1.10577 0
0.053 0.985867 -1.21436 0 -3.60337 1.26578 0
0.054 0.992483 -1.2475 0 -3.64104 1.42329 0
0.055 0.998428 -1.28014 0 -3.66541 1.57787 0
0.056 1.00369 -1.3123 0 -3.67672 1.72939 0
0.057 1.00825 -1.34395 0 -3.67536 1.8778 0
0.058 1.0121 -1.37509 0 -3.6617 2.02303 0
0.059 1.01524 -1.4057 0 -3.63612 2.16504 0
0.06 1.01763 -1.43579 0 -3.599 2.30375 0
0.061 1.01929 -1.46534 0 -3.55071 2.43911 0
0.062 1.02018 -1.49434 0 -3.49163 2.57107 0
0.063 1.0203 -1.52278 0 -3.42214 2.69955 0
0.064 1.01963 -1.55066 0 -3.34261 2.8245 0
0.065 1.01817 -1.57797 0 -3.25343 2.94586 0
0.066 1.0159 -1.60469 0 -3.15497 3.06358 0
0.067 1.01281 -1.63081 0 -3.04761 3.17758 0
0.068 1.00889 -1.65634 0 -2.93173 3.28782 0
0.069 1.00412 -1.68125 0 -2.8077 3.39424 0
0.07 0.998488 -1.70555 0 -2.6759 3.49676 0
0.071 0.991988 -1.72922 0 -2.53671 3.59534 0
0.072 0.984603 -1.75224 0 -2.3905 3.68992 0
0.073 0.976323 -1.77463 0 -2.23766 3.78043 0
0.074 0.967134 -1.79635 0 -2.07856 3.86681 0
0.075 0.957025 -1.81742 0 -1.91357 3.94901 0
0.076 0.945981 -1.8378 0 -1.74308 4.02697 0
0.077 0.933993 -1.85751 0 -1.56747 4.10062 0
0.078 0.921045 -1.87652 0 -1.38711 4.16991 0
0.079 0.907127 -1.89484 0 -1.20237 4.23478 0
0.08 0.892226 -1.91244 0 -1.01364 4.29517 0
0.081 0.876329 -1.92933 0 -0.821294 4.35102 0
0.082 0.859425 -1.94549 0 -0.625707 4.40226 0
0.083 0.841499 -1.96091 0 -0.427259 4.44885 0
0.084 0.822541 -1.97559 0 -0.226326 4.49072 0
0.085 0.802538 -1.98951 0 -0.0232858 4.5278 0
0.086 0.781476 -2.00267 0 0.181484 4.56005 0
0.087 0.759344 -2.01506 0 0.387606 4.5874 0
0.088 0.73613 -2.02666 0 0.594702 4.60979 0
0.089 0.71182 -2.03748 0 0.802396 4.62717 0
0.09 0.686403 -2.04749 0 1.01031 4.63947 0
0.091 0.659866 -2.0567 0 1.21807 4.64663 0
0.092 0.632196 -2.06509 0 1.42529 4.6486 0
0.093 0.603381 -2.07266 0 1.6316 4.64531 0
0.094 0.573409 -2.07938 0 1.83661 4.63671 0
0.095 0.542267 -2.08527 0 2.03996 4.62273 0
0.096 0.509942 -2.0903 0 2.24127 4.60332 0
0.097 0.476423 -2.09447 0 2.44015 4.57841 0
0.098 0.441697 -2.09777 0 2.63624 4.54795 0
0.099 0.405751 -2.10019 0 2.82914 4.51189 0
0.1 0.368573 -2.10172 0 3.01849 4.47014 0
0.101 0.330159 -2.10235 0 3.20391 4.42267 0
0.102 0.290536 -2.10209 0 3.38502 4.36941 0
0.103 0.24974 -2.10094 0 3.56144 4.31029 0
0.104 0.207808 -2.09891 0 3.7328 4.24527 0
0.105 0.164776 -2.09601 0 3.89871 4.17428 0
0.106 0.120678 -2.09223 0 4.05882 4.09726 0
0.107 0.0755523 -2.08759 0 4.21293 4.01426 0
0.108 0.0294336 -2.08208 0 4.36109 3.92543 0
0.109 -0.0176417 -2.07572 0 4.50334 3.83094 0
0.11 -0.0656378 -2.0685 0 4.63975 3.73096 0
0.111 -0.114519 -2.06044 0 4.77036 3.62563 0
0.112 -0.164248 -2.05155 0 4.89521 3.51513 0
0.113 -0.214791 -2.04181 0 5.01437 3.39962 0
0.114 -0.26611 -2.03125 0 5.12789 3.27925 0
0.115 -0.31817 -2.01986 0 5.2358 3.15421 0
0.116 -0.370935 -2.00765 0 5.33817 3.02463 0
0.117 -0.424369 -1.99463 0 5.43505 2.8907 0
0.118 -0.478435 -1.9808 0 5.52648 2.75256 0
0.119 -0.533099 -1.96616 0 5.61252 2.61039 0
0.12 -0.588324 -1.95073 0 5.69322 2.46435 0
0.121 -0.644073 -1.9345 0 5.76863 2.31459 0
0.122 -0.700312 -1.91748 0 5.8388 2.16129 0
0.123 -0.757004 -1.89969 0 5.90378 2.00459 0
0.124 -0.814112 -1.88111 0 5.96362 1.84468 0
0.125 -0.871602 -1.86176 0 6.01837 1.6817 0
0.126 -0.929437 -1.84165 0 6.06809 1.51583 0
0.127 -0.987581 -1.82077 0 6.11282 1.34722 0
0.128 -1.046 -1.79914 0 6.15262 1.17604 0
0.129 -1.10465 -1.77676 0 6.18753 1.00245 0
0.13 -1.16351 -1.75362 0 6.21761 0.826606 0
0.131 -1.22253 -1.72975 0 6.2429 0.64868 0
0.132 -1.28168 -1.70515 0 6.26347 0.468831 0
0.133 -1.34092 -1.67981 0 6.27936 0.287223 0
0.134 -1.40022 -1.65375 0 6.29061 0.104017 0
0.135 -1.45954 -1.62697 0 6.29729 -0.0806238 0
0.136 -1.51885 -1.59947 0 6.29944 -0.266537 0
0.137 -1.57811 -1.57126 0 6.29711 -0.453559 0
0.138 -1.63728 -1.54235 0 6.29036 -0.641528 0
0.139 -1.69632 -1.51274 0 6.27923 -0.830282 0
0.14 -1.75521 -1.48244 0 6.26378 -1.01966 0
0.141 -1.81391 -1.45145 0 6.24406 -1.20949 0
0.142 -1.87237 -1.41978 0 6.22011 -1.39962 0
0.143 -1.93057 -1.38742 0 6.19199 -1.58989 0
0.144 -1.98846 -1.3544 0 6.15975 -1.78012 0
0.145 -2.04602 -1.32071 0 6.12344 -1.97017 0
0.146 -2.1032 -1.28635 0 6.08311 -2.15986 0
0.147 -2.15997 -1.25134 0 6.03881 -2.34904 0
0.148 -2.2163 -1.21568 0 5.9906 -2.53753 0
0.149 -2.27214 -1.17937 0 5.93852 -2.72518 0
0.15 -2.32746 -1.14242 0 5.88262 -2.91183 0
0.151 -2.38223 -1.10483 0 5.82296 -3.09732 0
0.152 -2.43641 -1.06661 0 5.75959 -3.28147 0
0.153 -2.48997 -1.02777 0 5.69255 -3.46413 0
0.154 -2.54286 -0.988305 0 5.62191 -3.64514 0
0.155 -2.59505 -0.948226 0 5.5477 -3.82432 0
0.156 -2.64651 -0.907538 0 5.46998 -4.00153 0
0.157 -2.6972 -0.866245 0 5.3888 -4.1766 0
0.158 -2.74708 -0.824353 0 5.30421 -4.34936 0
0.159 -2.79612 -0.781866 0 5.21627 -4.51965 0
0.16 -2.84428 -0.738791 0 5.12502 -4.68732 0
0.161 -2.89153 -0.695133 0 5.03051 -4.85218 0
0.162 -2.93783 -0.650895 0 4.9328 -5.0141 0
0.163 -2.98314 -0.606085 0 4.83193 -5.17289 0
0.164 -3.02743 -0.560707 0 4.72796 -5.32841 0
0.165 -3.07066 -0.514767 0 4.62094 -5.48048 0
0.166 -3.1128 -0.468269 0 4.51092 -5.62894 0
0.167 -3.15381 -0.421219 0 4.39795 -5.77364 0
0.168 -3.19365 -0.373622 0 4.28208 -5.91441 0
0.169 -3.23229 -0.325483 0 4.16335 -6.05108 0
0.17 -3.26969 -0.276808 0 4.04184 -6.18349 0
0.171 -3.30582 -0.227601 0 3.91757 -6.31149 0
0.172 -3.34064 -0.177869 0 3.79061 -6.4349 0
0.173 -3.37411 -0.127616 0 3.661 -6.55357 0
0.174 -3.4062 -0.076848 0 3.5288 -6.66733 0
0.175 -3.43688 -0.0255695 0 3.39406 -6.77602 0
0.176 -3.4661 0.0262141 0 3.25682 -6.87948 0
0.177 -3.49383 0.0784973 0 3.11715 -6.97761 0
0.178 -3.52003 0.131275 0 2.97512 -7.07043 0
0.179 -3.54467 0.184542 0 2.83081 -7.158 0
0.18 -3.56772 0.238293 0 2.6843 -7.24038 0
0.181 -3.58913 0.292523 0 2.53568 -7.31762 0
0.182 -3.60887 0.347226 0 2.38501 -7.38978 0
0.183 -3.62691 0.402398 0 2.23238 -7.4569 0
0.184 -3.6432 0.458032 0 2.07787 -7.51905 0
0.185 -3.65772 0.514124 0 1.92155 -7.57627 0
0.186 -3.67042 0.570669 0 1.76351 -7.62863 0
0.187 -3.68128 0.627662 0 1.60382 -7.67617 0
0.188 -3.69025 0.685096 0 1.44257 -7.71895 0
0.189 -3.69729 0.742967 0 1.27983 -7.75702 0
0.19 -3.70238 0.80127 0 1.11568 -7.79045 0
0.191 -3.70548 0.859999 0 0.950199 -7.81928 0
0.192 -3.70655 0.919149 0 0.783472 -7.84357 0
0.193 -3.70555 0.978715 0 0.615573 -7.86336 0
0.194 -3.70245 1.03869 0 0.446582 -7.87873 0
0.195 -3.69721 1.09907 0 0.276579 -7.88971 0
0.196 -3.6898 1.15986 0 0.105643 -7.89637 0
0.197 -3.68018 1.22103 0 -0.066148 -7.89876 0
0.198 -3.66832 1.2826 0 -0.238714 -7.89693 0
0.199 -3.65417 1.34455 0 -0.411976 -7.89094 0
0.2 -3.63771 1.40688 0 -0.585855 -7.88084 0
0.201 -3.6189 1.46958 0 -0.760273 -7.86669 0
0.202 -3.59778 1.53262 0 -0.935148 -7.84853 0
0.203 -3.57438 1.59597 0 -1.1104 -7.82644 0
0.204 -3.54873 1.6596 0 -1.28596 -7.80045 0
0.205 -3.52086 1.72347 0 -1.46174 -7.77062 0
0.206 -3.49082 1.78756 0 -1.63766 -7.73701 0
0.207 -3.45864 1.85182 0 -1.81364 -7.69968 0
0.208 -3.42436 1.91623 0 -1.98961 -7.65867 0
0.209 -3.38801 1.98076 0 -2.16548 -7.61404 0
0.21 -3.34962 2.04536 0 -2.34118 -7.56585 0
0.211 -3.30923 2.11002 0 -2.51662 -7.51414 0
0.212 -3.26688 2.1747 0 -2.69173 -7.45898 0
0.213 -3.2226 2.23936 0 -2.86643 -7.40041 0
0.214 -3.17643 2.30398 0 -3.04064 -7.3385 0
0.215 -3.1284 2.36851 0 -3.21428 -7.2733 0
0.216 -3.07855 2.43294 0 -3.38727 -7.20485 0
0.217 -3.02691 2.49722 0 -3.55954 -7.13322 0
0.218 -2.97353 2.56132 0 -3.73099 -7.05846 0
0.219 -2.91842 2.62521 0 -3.90156 -6.98062 0
0.22 -2.86164 2.68887 0 -4.07117 -6.89976 0
0.221 -2.80321 2.75225 0 -4.23973 -6.81593 0
0.222 -2.74317 2.81532 0 -4.40716 -6.72919 0
0.223 -2.68156 2.87806 0 -4.5734 -6.63959 0
0.224 -2.61841 2.94042 0 -4.73835 -6.54718 0
0.225 -2.55376 3.00239 0 -4.90194 -6.45202 0
0.226 -2.48764 3.06391 0 -5.06409 -6.35417 0
0.227 -2.42009 3.12497 0 -5.22472 -6.25367 0
0.228 -2.35114 3.18553 0 -5.38376 -6.15059 0
0.229 -2.28083 3.24556 0 -5.54111 -6.04497 0
0.23 -2.2092 3.30502 0 -5.69671 -5.93688 0
0.231 -2.13627 3.36388 0 -5.85047 -5.82635 0
0.232 -2.06209 3.42212 0 -6.00232 -5.71346 0
0.233 -1.98669 3.47969 0 -6.15218 -5.59825 0
0.234 -1.91011 3.53657 0 -6.29996 -5.48078 0
0.235 -1.83237 3.59272 0 -6.44559 -5.3611 0
0.236 -1.75353 3.64811 0 -6.58899 -5.23927 0
0.237 -1.6736 3.70271 0 -6.73008 -5.11533 0
0.238 -1.59264 3.75649 0 -6.86878 -4.98936 0
0.239 -1.51066 3.80941 0 -7.00501 -4.86139 0
0.24 -1.42772 3.86144 0 -7.13869 -4.73148 0
0.241 -1.34384 3.91255 0 -7.26974 -4.5997 0
0.242 -1.25905 3.96271 0 -7.39809 -4.46608 0
0.243 -1.17341 4.01188 0 -7.52366 -4.3307 0
0.244 -1.08693 4.06004 0 -7.64636 -4.19359 0
0.245 -0.999658 4.10714 0 -7.76611 -4.05482 0
0.246 -0.911628 4.15316 0 -7.88285 -3.91443 0
0.247 -0.822874 4.19807 0 -7.99648 -3.77249 0
0.248 -0.733432 4.24183 0 -8.10693 -3.62905 0
0.249 -0.643337 4.2844 0 -8.21413 -3.48416 0
0.25 -0.552625 4.32577 0 -8.31798 -3.33788 0
0.251 -0.461332 4.36589 0 -8.41842 -3.19026 0
0.252 -0.369491 4.40473 0 -8.51535 -3.04135 0
0.253 -0.27714 4.44227 0 -8.60872 -2.89122 0
0.254 -0.184313 4.47846 0 -8.69842 -2.7399 0
0.255 -0.0910461 4.51328 0 -8.78439 -2.58747 0
0.256 0.00262568 4.54669 0 -8.86655 -2.43396 0
0.257 0.0966667 4.57866 0 -8.94482 -2.27945 0
0.258 0.191042 4.60916 0 -9.01911 -2.12397 0
0.259 0.285715 4.63816 0 -9.08936 -1.96759 0
0.26 0.380651 4.66562 0 -9.15547 -1.81036 0
0.261 0.475816 4.69152 0 -9.21737 -1.65233 0
0.262 0.571172 4.71581 0 -9.27499 -1.49356 0
0.263 0.666685 4.73847 0 -9.32824 -1.3341 0
0.264 0.762319 4.75946 0 -9.37704 -1.17401 0
0.265 0.858039 4.77876 0 -9.42131 -1.01334 0
0.266 0.95381 4.79632 0 -9.461 -0.852147 0
0.267 1.0496 4.81213 0 -9.49612 -0.690467 0
0.268 1.14536 4.82613 0 -9.52673 -0.528342 0
0.269 1.24107 4.83831 0 -9.55287 -0.365814 0
0.27 1.33669 4.84863 0 -9.5746 -0.202921 0
0.271 1.43218 4.85706 0 -9.59196 -0.0397026 0
0.272 1.52751 4.86357 0 -9.605 0.1238 0
0.273 1.62264 4.86811 0 -9.61378 0.287548 0
0.274 1.71754 4.87067 0 -9.61834 0.451502 0
0.275 1.81217 4.87121 0 -9.61874 0.615621 0
0.276 1.9065 4.86969 0 -9.61502 0.779867 0
0.277 2.00049 4.86608 0 -9.60724 0.944198 0
0.278 2.0941 4.86036 0 -9.59544 1.10858 0
0.279 2.1873 4.85248 0 -9.57968 1.27296 0
0.28 2.28006 4.84243 0 -9.56 1.43731 0
0.281 2.37234 4.83015 0 -9.53646 1.60159 0
0.282 2.4641 4.81563 0 -9.5091 1.76576 0
0.283 2.5553 4.79883 0 -9.47797 1.92977 0
0.284 2.64593 4.77971 0 -9.44313 2.09359 0
0.285 2.73592 4.75825 0 -9.40462 2.25718 0
0.286 2.82526 4.73441 0 -9.3625 2.4205 0
0.287 2.91391 4.70816 0 -9.31681 2.5835 0
0.288 3.00183 4.67947 0 -9.26761 2.74616 0
0.289 3.08898 4.6483 0 -9.21494 2.90842 0
0.29 3.17534 4.61463 0 -9.15886 3.07025 0
0.291 3.26086 4.57841 0 -9.09941 3.23162 0
0.292 3.3455 4.53963 0 -9.03665 3.39247 0
0.293 3.42925 4.49824 0 -8.97062 3.55277 0
0.294 3.51205 4.45421 0 -8.90137 3.71248 0
0.295 3.59387 4.40751 0 -8.82896 3.87156 0
0.296 3.67468 4.35812 0 -8.75344 4.02998 0
0.297 3.75445 4.30599 0 -8.67484 4.18768 0
0.298 3.83313 4.25109 0 -8.59324 4.34463 0
0.299 3.91069 4.19339 0 -8.50867 4.5008 0
0.3 3.9871 4.13286 0 -8.42118 4.65614 0
0.301 4.06232 4.06949 0 -8.33083 4.81061 0
0.302 4.13634 4.00331 0 -8.23766 4.96417 0
0.303 4.20914 3.93438 0 -8.14172 5.11678 0
0.304 4.28071 3.86275 0 -8.04308 5.26841 0
0.305 4.35103 3.78849 0 -7.94176 5.419 0
0.306 4.4201 3.71166 0 -7.83783 5.56854 0
0.307 4.48789 3.6323 0 -7.73134 5.71696 0
0.308 4.55439 3.55048 0 -7.62233 5.86424 0
0.309 4.61959 3.46625 0 -7.51085 6.01033 0
0.31 4.68348 3.37968 0 -7.39696 6.15519 0
0.311 4.74603 3.29081 0 -7.28071 6.29879 0
0.312 4.80725 3.19971 0 -7.16213 6.44109 0
0.313 4.8671 3.10642 0 -7.0413 6.58204 0
0.314 4.92558 3.01102 0 -6.91824 6.7216 0
0.315 4.98268 2.91355 0 -6.79303 6.85974 0
0.316 5.03837 2.81408 0 -6.66569 6.99641 0
0.317 5.09265 2.71266 0 -6.5363 7.13158 0
0.318 5.1455 2.60934 0 -6.40488 7.2652 0
0.319 5.19692 2.50419 0 -6.2715 7.39724 0
0.32 5.24687 2.39726 0 -6.13621 7.52766 0
0.321 5.29535 2.28861 0 -5.99905 7.65641 0
0.322 5.34235 2.17829 0 -5.86008 7.78346 0
0.323 5.38785 2.06637 0 -5.71934 7.90877 0
0.324 5.43184 1.9529 0 -5.57688 8.03229 0
0.325 5.47431 1.83793 0 -5.43276 8.15399 0
0.326 5.51523 1.72153 0 -5.28703 8.27383 0
0.327 5.55459 1.60375 0 -5.13973 8.39177 0
0.328 5.59239 1.48465 0 -4.99091 8.50776 0
0.329 5.62861 1.36429 0 -4.84063 8.62177 0
0.33 5.66323 1.24272 0 -4.68893 8.73376 0
0.331 5.69624 1.11999 0 -4.53587 8.84369 0
0.332 5.72762 0.996177 0 -4.38149 8.95152 0
0.333 5.75736 0.871325 0 -4.22585 9.05721 0
0.334 5.78545 0.745494 0 -4.06899 9.16072 0
0.335 5.81188 0.618742 0 -3.91097 9.262 0
0.336 5.83662 0.491125 0 -3.75183 9.36103 0
0.337 5.85967 0.3627 0 -3.59163 9.45776 0
0.338 5.88101 0.233524 0 -3.43041 9.55214 0
0.339 5.90063 0.103656 0 -3.26823 9.64415 0
0.34 5.91851 -0.0268493 0 -3.10513 9.73374 0
0.341 5.93463 -0.157933 0 -2.94116 9.82087 0
0.342 5.949 -0.28954 0 -2.77639 9.9055 0
0.343 5.96158 -0.421611 0 -2.61084 9.98759 0
0.344 5.97237 -0.55409 0 -2.44458 10.0671 0
0.345 5.98135 -0.686919 0 -2.27766 10.144 0
0.346 5.98851 -0.820042 0 -2.11012 10.2182 0
0.347 5.99384 -0.953402 0 -1.94201 10.2898 0
0.348 5.99731 -1.08694 0 -1.77339 10.3586 0
0.349 5.99893 -1.2206 0 -1.60431 10.4246 0
0.35 5.99866 -1.35433 0 -1.4348 10.4878 0
0.351 5.9965 -1.48806 0 -1.26494 10.5482 0
0.352 5.99244 -1.62175 0 -1.09476 10.6056 0
0.353 5.98646 -1.75533 0 -0.924311 10.6602 0
0.354 5.97854 -1.88875 0 -0.75365 10.7117 0
0.355 5.96868 -2.02194 0 -0.582823 10.7602 0
0.356 5.95685 -2.15486 0 -0.411881 10.8057 0
0.357 5.94305 -2.28745 0 -0.240875 10.8481 0
0.358 5.92726 -2.41964 0 -0.0698526 10.8873 0
0.359 5.90946 -2.55138 0 0.101134 10.9234 0
0.36 5.88964 -2.68262 0 0.272037 10.9562 0
0.361 5.8678 -2.8133 0 0.442804 10.9858 0
0.362 5.84391 -2.94335 0 0.613387 11.0121 0
0.363 5.81795 -3.07273 0 0.783734 11.0351 0
0.364 5.78992 -3.20137 0 0.953797 11.0547 0
0.365 5.75981 -3.32922 0 1.12352 11.0709 0
0.366 5.72759 -3.45623 0 1.29287 11.0836 0
0.367 5.69326 -3.58233 0 1.46178 11.0929 0
0.368 5.65679 -3.70746 0 1.6302 11.0986 0
0.369 5.61818 -3.83158 0 1.79809 11.1007 0
0.37 5.57742 -3.95462 0 1.96539 11.0992 0
0.371 5.53447 -4.07652 0 2.13206 11.0941 0
0.372 5.48935 -4.19723 0 2.29804 11.0853 0
0.373 5.44202 -4.3167 0 2.46329 11.0727 0
0.374 5.39248 -4.43486 0 2.62776 11.0564 0
0.375 5.34071 -4.55166 0 2.7914 11.0363 0
0.376 5.28669 -4.66704 0 2.95422 11.0125 0
0.377 5.23042 -4.78094 0 3.11618 10.985 0
0.378 5.17188 -4.89331 0 3.27727 10.9539 0
0.379 5.11105 -5.00408 0 3.43749 10.9191 0
0.38 5.04793 -5.11321 0 3.5968 10.8808 0
0.381 4.98249 -5.22064 0 3.7552 10.839 0
0.382 4.91472 -5.3263 0 3.91266 10.7938 0
0.383 4.84461 -5.43014 0 4.06917 10.7451 0
0.384 4.77215 -5.53211 0 4.22472 10.693 0
0.385 4.69732 -5.63214 0 4.37929 10.6376 0
0.386 4.62011 -5.73018 0 4.53286 10.5789 0
0.387 4.54049 -5.82618 0 4.68542 10.517 0
0.388 4.45847 -5.92007 0 4.83694 10.4518 0
0.389 4.37402 -6.01179 0 4.98742 10.3835 0
0.39 4.28713 -6.1013 0 5.13684 10.312 0
0.391 4.19779 -6.18853 0 5.28517 10.2375 0
0.392 4.10598 -6.27343 0 5.43241 10.16 0
0.393 4.01169 -6.35594 0 5.57853 10.0794 0
0.394 3.9149 -6.436 0 5.72353 9.9959 0
0.395 3.81561 -6.51356 0 5.86738 9.90949 0
0.396 3.71379 -6.58856 0 6.01006 9.82022 0
0.397 3.60943 -6.66093 0 6.15157 9.72813 0
0.398 3.50252 -6.73063 0 6.29189 9.63326 0
0.399 3.39305 -6.7976 0 6.43099 9.53566 0
0.4 3.28099 -6.86178 0 6.56887 9.43537 0
0.401 3.16635 -6.92312 0 6.7055 9.33243 0
0.402 3.04919 -6.98163 0 6.84087 9.22689 0
0.403 2.92958 -7.03732 0 6.97497 9.11878 0
0.404 2.80758 -7.09019 0 7.10777 9.00816 0
0.405 2.68327 -7.14027 0 7.23926 8.89506 0
0.406 2.5567 -7.18757 0 7.36943 8.77953 0
0.407 2.42797 -7.23209 0 7.49825 8.66161 0
0.408 2.29712 -7.27386 0 7.62572 8.54135 0
0.409 2.16424 -7.31287 0 7.75181 8.41878 0
0.41 2.02939 -7.34916 0 7.87651 8.29396 0
0.411 1.89264 -7.38272 0 7.9998 8.16692 0
0.412 1.75407 -7.41357 0 8.12167 8.0377 0
0.413 1.61373 -7.44173 0 8.24209 7.90636 0
0.414 1.47171 -7.46721 0 8.36106 7.77293 0
0.415 1.32807 -7.49001 0 8.47856 7.63745 0
0.416 1.18287 -7.51016 0 8.59456 7.49997 0
0.417 1.0362 -7.52766 0 8.70906 7.36054 0
0.418 0.888116 -7.54252 0 8.82204 7.21919 0
0.419 0.738691 -7.55477 0 8.93348 7.07598 0
0.42 0.587993 -7.5644 0 9.04336 6.93093 0
0.421 0.436093 -7.57145 0 9.15167 6.7841 0
0.422 0.283061 -7.57591 0 9.2584 6.63553 0
0.423 0.128967 -7.5778 0 9.36351 6.48525 0
0.424 -0.0261217 -7.57713 0 9.46701 6.33333 0
0.425 -0.182134 -7.57391 0 9.56887 6.17979 0
0.426 -0.339 -7.56817 0 9.66908 6.02468 0
0.427 -0.49665 -7.5599 0 9.76762 5.86804 0
0.428 -0.655016 -7.54913 0 9.86446 5.70993 0
0.429 -0.814026 -7.53586 0 9.95961 5.55037 0
0.43 -0.973613 -7.52011 0 10.053 5.38941 0
0.431 -1.13371 -7.50189 0 10.1447 5.2271 0
0.432 -1.29423 -7.48121 0 10.2347 5.06349 0
0.433 -1.45513 -7.45809 0 10.3228 4.8986 0
0.434 -1.61632 -7.43254 0 10.4092 4.73249 0
0.435 -1.77775 -7.40456 0 10.4938 4.5652 0
0.436 -1.93932 -7.37418 0 10.5766 4.39677 0
0.437 -2.10099 -7.34141 0 10.6575 4.22724 0
0.438 -2.26268 -7.30626 0 10.7366 4.05667 0
0.439 -2.42432 -7.26873 0 10.8138 3.88508 0
0.44 -2.58583 -7.22885 0 10.8891 3.71253 0
0.441 -2.74716 -7.18663 0 10.9626 3.53906 0
0.442 -2.90823 -7.14207 0 11.0341 3.3647 0
0.443 -3.06896 -7.0952 0 11.1037 3.18952 0
0.444 -3.2293 -7.04602 0 11.1713 3.01354 0
0.445 -3.38917 -6.99455 0 11.237 2.8368 0
0.446 -3.54851 -6.94079 0 11.3007 2.65937 0
0.447 -3.70723 -6.88477 0 11.3624 2.48126 0
0.448 -3.86528 -6.82649 0 11.422 2.30254 0
0.449 -4.02258 -6.76597 0 11.4797 2.12324 0
0.45 -4.17907 -6.70322 0 11.5353 1.94341 0
0.451 -4.33467 -6.63825 0 11.5888 1.76308 0
0.452 -4.48932 -6.57108 0 11.6403 1.58231 0
0.453 -4.64294 -6.50171 0 11.6896 1.40113 0
0.454 -4.79546 -6.43017 0 11.7369 1.21959 0
0.455 -4.94682 -6.35645 0 11.782 1.03774 0
0.456 -5.09695 -6.28058 0 11.825 0.855602 0
0.457 -5.24578 -6.20257 0 11.8658 0.673236 0
0.458 -5.39323 -6.12243 0 11.9044 0.490681 0
0.459 -5.53924 -6.04017 0 11.9409 0.307979 0
0.46 -5.68374 -5.95581 0 11.9751 0.125175 0
0.461 -5.82665 -5.86935 0 12.0071 -0.0576892 0
0.462 -5.96792 -5.78082 0 12.0368 -0.24057 0
0.463 -6.10746 -5.69022 0 12.0643 -0.423425 0
0.464 -6.24521 -5.59756 0 12.0896 -0.60621 0
0.465 -6.3811 -5.50286 0 12.1125 -0.788882 0
0.466 -6.51507 -5.40614 0 12.1331 -0.971399 0
0.467 -6.64703 -5.30739 0 12.1514 -1.15372 0
0.468 -6.77693 -5.20665 0 12.1673 -1.33579 0
0.469 -6.90468 -5.10391 0 12.1809 -1.51758 0
0.47 -7.03023 -4.99919 0 12.1921 -1.69905 0
0.471 -7.1535 -4.89251 0 12.201 -1.88014 0
0.472 -7.27443 -4.78387 0 12.2074 -2.06081 0
0.473 -7.39293 -4.67329 0 12.2114 -2.24103 0
0.474 -7.50896 -4.56079 0 12.2129 -2.42075 0
0.475 -7.62242 -4.44637 0 12.212 -2.59992 0
0.476 -7.73326 -4.33004 0 12.2086 -2.77851 0
0.477 -7.8414 -4.21183 0 12.2028 -2.95647 0
0.478 -7.94678 -4.09173 0 12.1944 -3.13375 0
0.479 -8.04933 -3.96977 0 12.1835 -3.31032 0
0.48 -8.14897 -3.84596 0 12.1701 -3.48613 0
0.481 -8.24564 -3.72031 0 12.1541 -3.66113 0
0.482 -8.33926 -3.59283 0 12.1355 -3.83529 0
0.483 -8.42977 -3.46353 0 12.1144 -4.00856 0
0.484 -8.5171 -3.33244 0 12.0906 -4.1809 0
0.485 -8.60118 -3.19955 0 12.0642 -4.35226 0
0.486 -8.68193 -3.06488 0 12.0352 -4.52261 0
0.487 -8.7593 -2.92845 0 12.0035 -4.69189 0
0.488 -8.8332 -2.79027 0 11.9692 -4.86007 0
0.489 -8.90357 -2.65035 0 11.9322 -5.0271 0
0.49 -8.97035 -2.5087 0 11.8924 -5.19294 0
0.491 -9.03345 -2.36534 0 11.85 -5.35755 0
0.492 -9.09282 -2.22027 0 11.8048 -5.52088 0
0.493 -9.14837 -2.07352 0 11.7569 -5.68289 0
0.494 -9.20005 -1.92509 0 11.7062 -5.84354 0
0.495 -9.24778 -1.77499 0 11.6527 -6.00278 0
0.496 -9.29149 -1.62325 0 11.5964 -6.16057 0
0.497 -9.33112 -1.46986 0 11.5373 -6.31687 0
0.498 -9.36659 -1.31485 0 11.4754 -6.47163 0
0.499 -9.39783 -1.15823 0 11.4106 -6.62481 0
0.5 -9.42478 -1 0 11.3429 -6.77637 0
0.501 -9.44738 -0.840195 0 11.2724 -6.92627 0
0.502 -9.46566 -0.678871 0 11.1989 -7.07446 0
0.503 -9.47966 -0.516101 0 11.1226 -7.22094 0
0.504 -9.48943 -0.351954 0 11.0435 -7.3657 0
0.505 -9.49501 -0.186501 0 10.9616 -7.50874 0
0.506 -9.49645 -0.0198133 0 10.8769 -7.65006 0
0.507 -9.49379 0.148039 0 10.7894 -7.78967 0
0.508 -9.48707 0.316985 0 10.6993 -7.92755 0
0.509 -9.47634 0.486955 0 10.6066 -8.06371 0
0.51 -9.46165 0.657877 0 10.5112 -8.19815 0
0.511 -9.44303 0.82968 0 10.4132 -8.33086 0
0.512 -9.42053 1.0023 0 10.3127 -8.46184 0
0.513 -9.3942 1.17565 0 10.2097 -8.5911 0
0.514 -9.36408 1.34968 0 10.1042 -8.71863 0
0.515 -9.33021 1.5243 0 9.99623 -8.84443 0
0.516 -9.29265 1.69945 0 9.8859 -8.9685 0
0.517 -9.25142 1.87506 0 9.7732 -9.09084 0
0.518 -9.20659 2.05106 0 9.65817 -9.21144 0
0.519 -9.15818 2.22737 0 9.54084 -9.33032 0
0.52 -9.10626 2.40393 0 9.42126 -9.44745 0
0.521 -9.05085 2.58066 0 9.29946 -9.56285 0
0.522 -8.992 2.7575 0 9.17547 -9.67651 0
0.523 -8.92977 2.93438 0 9.04934 -9.78843 0
0.524 -8.86419 3.11121 0 8.92109 -9.89861 0
0.525 -8.7953 3.28794 0 8.79077 -10.007 0
0.526 -8.72316 3.46449 0 8.65841 -10.1137 0
0.527 -8.6478 3.64079 0 8.52404 -10.2187 0
0.528 -8.56928 3.81677 0 8.3877 -10.3219 0
0.529 -8.48763 3.99235 0 8.24943 -10.4234 0
0.53 -8.40289 4.16748 0 8.10927 -10.5231 0
0.531 -8.31512 4.34208 0 7.96725 -10.621 0
0.532 -8.22436 4.51607 0 7.8234 -10.7172 0
0.533 -8.13065 4.68939 0 7.67777 -10.8117 0
0.534 -8.03404 4.86197 0 7.53038 -10.9044 0
0.535 -7.93456 5.03373 0 7.38128 -10.9954 0
0.536 -7.83227 5.20461 0 7.2305 -11.0846 0
0.537 -7.72721 5.37453 0 7.07807 -11.172 0
0.538 -7.61942 5.54343 0 6.92404 -11.2577 0
0.539 -7.50895 5.71122 0 6.76844 -11.3416 0
0.54 -7.39585 5.87785 0 6.6113 -11.4238 0
0.541 -7.28014 6.04324 0 6.45267 -11.5042 0
0.542 -7.16189 6.20733 0 6.29257 -11.5829 0
0.543 -7.04113 6.37003 0 6.13104 -11.6598 0
0.544 -6.91791 6.53128 0 5.96813 -11.7349 0
0.545 -6.79228 6.69101 0 5.80386 -11.8082 0
0.546 -6.66427 6.84915 0 5.63827 -11.8798 0
0.547 -6.53393 7.00562 0 5.4714 -11.9496 0
0.548 -6.40131 7.16036 0 5.30328 -12.0177 0
0.549 -6.26645 7.3133 0 5.13395 -12.084 0
0.55 -6.1294 7.46436 0 4.96345 -12.1485 0
0.551 -5.99019 7.61348 0 4.79181 -12.2112 0
0.552 -5.84888 7.76058 0 4.61907 -12.2722 0
0.553 -5.7055 7.9056 0 4.44527 -12.3313 0
0.554 -5.56011 8.04845 0 4.27043 -12.3888 0
0.555 -5.41274 8.18908 0 4.0946 -12.4444 0
0.556 -5.26344 8.32741 0 3.91782 -12.4982 0
0.557 -5.11226 8.46337 0 3.74011 -12.5503 0
0.558 -4.95923 8.59689 0 3.56152 -12.6006 0
0.559 -4.80441 8.7279 0 3.38208 -12.6491 0
0.56 -4.64784 8.85633 0 3.20182 -12.6958 0
0.561 -4.48955 8.98211 0 3.02079 -12.7408 0
0.562 -4.32961 9.10516 0 2.83902 -12.7839 0
0.563 -4.16804 9.22542 0 2.65654 -12.8253 0
0.564 -4.0049 9.34282 0 2.4734 -12.8649 0
0.565 -3.84023 9.45728 0 2.28962 -12.9027 0
0.566 -3.67407 9.56873 0 2.10525 -12.9387 0
0.567 -3.50646 9.67711 0 1.92031 -12.9729 0
0.568 -3.33746 9.78234 0 1.73486 -13.0053 0
0.569 -3.16711 9.88436 0 1.54891 -13.0359 0
0.57 -2.99545 9.98308 0 1.36251 -13.0647 0
0.571 -2.82252 10.0784 0 1.1757 -13.0918 0
0.572 -2.64836 10.1704 0 0.988506 -13.117 0
0.573 -2.47304 10.2588 0 0.800969 -13.1404 0
0.574 -2.29658 10.3437 0 0.613124 -13.1621 0
0.575 -2.11903 10.4249 0 0.425008 -13.1819 0
0.576 -1.94044 10.5024 0 0.236657 -13.1999 0
0.577 -1.76084 10.5762 0 0.0481061 -13.2161 0
0.578 -1.5803 10.646 0 -0.140608 -13.2305 0
0.579 -1.39884 10.712 0 -0.329448 -13.2431 0
0.58 -1.21651 10.7739 0 -0.51838 -13.2539 0
0.581 -1.03336 10.8318 0 -0.707366 -13.2629 0
0.582 -0.849436 10.8856 0 -0.896372 -13.2701 0
0.583 -0.664776 10.9351 0 -1.08536 -13.2755 0
0.584 -0.479425 10.9804 0 -1.27429 -13.2791 0
0.585 -0.29343 11.0213 0 -1.46314 -13.2808 0
0.586 -0.106833 11.0578 0 -1.65186 -13.2807 0
0.587 0.0803209 11.0898 0 -1.84042 -13.2788 0
0.588 0.267987 11.1173 0 -2.02877 -13.2751 0
0.589 0.456122 11.1401 0 -2.2169 -13.2696 0
0.59 0.64468 11.1582 0 -2.40476 -13.2623 0
0.591 0.833619 11.1715 0 -2.59231 -13.2531 0
0.592 1.02289 11.18 0 -2.77951 -13.2421 0
0.593 1.21246 11.1836 0 -2.96634 -13.2293 0
0.594 1.40227 11.1822 0 -3.15276 -13.2147 0
0.595 1.59228 11.1758 0 -3.33872 -13.1982 0
0.596 1.78246 11.1642 0 -3.5242 -13.18 0
0.597 1.97274 11.1474 0 -3.70915 -13.1598 0
0.598 2.1631 11.1254 0 -3.89355 -13.1379 0
0.599 2.35348 11.098 0 -4.07735 -13.1141 0
0.6 2.54384 11.0652 0 -4.26052 -13.0885 0
0.601 2.73414 11.027 0 -4.44302 -13.0611 0
0.602 2.92431 10.9833 0 -4.62482 -13.0318 0
0.603 3.11431 10.9344 0 -4.80588 -13.0007 0
0.604 3.30405 10.8801 0 -4.98616 -12.9678 0
0.605 3.4935 10.8207 0 -5.16563 -12.933 0
0.606 3.68258 10.7563 0 -5.34426 -12.8964 0
0.607 3.87124 10.6868 0 -5.522 -12.8579 0
0.608 4.05941 10.6124 0 -5.69882 -12.8176 0
0.609 4.24704 10.5331 0 -5.87469 -12.7755 0
0.61 4.43407 10.449 0 -6.04956 -12.7315 0
0.611 4.62044 10.3602 0 -6.2234 -12.6857 0
0.612 4.80608 10.2668 0 -6.39618 -12.638 0
0.613 4.99094 10.1689 0 -6.56787 -12.5885 0
0.614 5.17496 10.0665 0 -6.73841 -12.5371 0
0.615 5.35807 9.95968 0 -6.90778 -12.4839 0
0.616 5.54022 9.84856 0 -7.07594 -12.4288 0
0.617 5.72135 9.7332 0 -7.24286 -12.3719 0
0.618 5.90139 9.61368 0 -7.4085 -12.3131 0
0.619 6.0803 9.49008 0 -7.57282 -12.2525 0
0.62 6.25799 9.36248 0 -7.73579 -12.19 0
0.621 6.43443 9.23095 0 -7.89737 -12.1256 0
0.622 6.60954 9.09556 0 -8.05752 -12.0594 0
0.623 6.78327 8.95641 0 -8.21621 -11.9914 0
0.624 6.95555 8.81357 0 -8.3734 -11.9215 0
0.625 7.12634 8.6671 0 -8.52907 -11.8497 0
0.626 7.29556 8.5171 0 -8.68316 -11.776 0
0.627 7.46315 8.36364 0 -8.83564 -11.7005 0
0.628 7.62907 8.20679 0 -8.98649 -11.6231 0
0.629 7.79324 8.04664 0 -9.13565 -11.5439 0
0.63 7.9556 7.88326 0 -9.2831 -11.4628 0
0.631 8.11611 7.71672 0 -9.4288 -11.3798 0
0.632 8.27469 7.54712 0 -9.57272 -11.295 0
0.633 8.43129 7.37452 0 -9.71481 -11.2082 0
0.634 8.58584 7.199 0 -9.85505 -11.1197 0
0.635 8.7383 7.02064 0 -9.99339 -11.0292 0
0.636 8.88858 6.83952 0 -10.1298 -10.9368 0
0.637 9.03665 6.65571 0 -10.2642 -10.8426 0
0.638 9.18243 6.4693 0 -10.3967 -10.7465 0
0.639 9.32587 6.28035 0 -10.5271 -10.6486 0
0.64 9.46691 6.08896 0 -10.6554 -10.5487 0
0.641 9.60548 5.89519 0 -10.7816 -10.447 0
0.642 9.74154 5.69912 0 -10.9057 -10.3434 0
0.643 9.875 5.50083 0 -11.0276 -10.2379 0
0.644 10.0058 5.3004 0 -11.1472 -10.1305 0
0.645 10.134 5.09791 0 -11.2646 -10.0212 0
0.646 10.2593 4.89343 0 -11.3798 -9.91007 0
0.647 10.3818 4.68705 0 -11.4926 -9.79703 0
0.648 10.5015 4.47883 0 -11.603 -9.68209 0
0.649 10.6182 4.26885 0 -11.711 -9.56528 0
0.65 10.7319 4.05721 0 -11.8166 -9.44659 0
0.651 10.8426 3.84396 0 -11.9199 -9.32607 0
0.652 10.9501 3.62919 0 -12.0208 -9.20373 0
0.653 11.0544 3.41298 0 -12.1194 -9.0796 0
0.654 11.1555 3.19541 0 -12.2156 -8.95371 0
0.655 11.2533 2.97654 0 -12.3094 -8.82608 0
0.656 11.3477 2.75647 0 -12.401 -8.69674 0
0.657 11.4387 2.53526 0 -12.4902 -8.56572 0
0.658 11.5263 2.313 0 -12.5772 -8.43304 0
0.659 11.6102 2.08976 0 -12.6619 -8.29872 0
0.66 11.6906 1.86562 0 -12.7443 -8.1628 0
0.661 11.7673 1.64066 0 -12.8245 -8.0253 0
0.662 11.8403 1.41496 0 -12.9024 -7.88624 0
0.663 11.9095 1.18858 0 -12.9781 -7.74566 0
0.664 11.9749 0.961622 0 -13.0516 -7.60357 0
0.665 12.0364 0.734149 0 -13.1229 -7.46001 0
0.666 12.0939 0.506242 0 -13.192 -7.315 0
0.667 12.1473 0.277978 0 -13.2589 -7.16856 0
0.668 12.1967 0.049436 0 -13.3237 -7.02072 0
0.669 12.242 -0.179307 0 -13.3863 -6.87152 0
0.67 12.283 -0.408174 0 -13.4467 -6.72096 0
0.671 12.3198 -0.637087 0 -13.5051 -6.56908 0
0.672 12.3523 -0.865969 0 -13.5613 -6.41591 0
0.673 12.3804 -1.09474 0 -13.6154 -6.26148 0
0.674 12.404 -1.32333 0 -13.6675 -6.1058 0
0.675 12.4231 -1.55165 0 -13.7174 -5.9489 0
0.676 12.4377 -1.77962 0 -13.7653 -5.79081 0
0.677 12.4476 -2.00718 0 -13.8112 -5.63156 0
0.678 12.4529 -2.23424 0 -13.855 -5.47117 0
0.679 12.4534 -2.46073 0 -13.8968 -5.30967 0
0.68 12.4491 -2.68656 0 -13.9365 -5.14708 0
0.681 12.44 -2.91166 0 -13.9743 -4.98343 0
0.682 12.4259 -3.13596 0 -14.0101 -4.81875 0
0.683 12.4069 -3.35937 0 -14.0439 -4.65306 0
0.684 12.3828 -3.58182 0 -14.0757 -4.48638 0
0.685 12.3536 -3.80322 0 -14.1056 -4.31876 0
0.686 12.3192 -4.02351 0 -14.1336 -4.1502 0
0.687 12.2797 -4.2426 0 -14.1596 -3.98073 0
0.688 12.2348 -4.46042 0 -14.1837 -3.81039 0
0.689 12.1846 -4.67688 0 -14.206 -3.63919 0
0.69 12.129 -4.89192 0 -14.2263 -3.46717 0
0.691 12.0679 -5.10545 0 -14.2448 -3.29435 0
0.692 12.0013 -5.3174 0 -14.2614 -3.12076 0
0.693 11.9291 -5.52768 0 -14.2761 -2.94642 0
0.694 11.8513 -5.73623 0 -14.289 -2.77135 0
0.695 11.7678 -5.94296 0 -14.3001 -2.59559 0
0.696 11.6785 -6.14779 0 -14.3094 -2.41916 0
0.697 11.5834 -6.35065 0 -14.3169 -2.24208 0
0.698 11.4824 -6.55146 0 -14.3226 -2.06439 0
0.699 11.3755 -6.75015 0 -14.3265 -1.8861 0
0.7 11.2625 -6.94663 0 -14.3287 -1.70725 0
0.701 11.1435 -7.14083 0 -14.3291 -1.52786 0
0.702 11.0186 -7.33272 0 -14.3278 -1.34795 0
0.703 10.8879 -7.52226 0 -14.3248 -1.16756 0
0.704 10.7514 -7.70942 0 -14.32 -0.986705 0
0.705 10.6093 -7.89417 0 -14.3136 -0.805413 0
0.706 10.4617 -8.07648 0 -14.3054 -0.623711 0
0.707 10.3088 -8.2563 0 -14.2956 -0.441625 0
0.708 10.1506 -8.43362 0 -14.2842 -0.259181 0
0.709 9.9872 -8.6084 0 -14.2711 -0.0764058 0
0.71 9.8188 -8.7806 0 -14.2563 0.106676 0
0.711 9.64548 -8.9502 0 -14.24 0.290037 0
0.712 9.46736 -9.11716 0 -14.222 0.473653 0
0.713 9.28454 -9.28144 0 -14.2024 0.657496 0
0.714 9.09715 -9.44303 0 -14.1813 0.841542 0
0.715 8.90529 -9.60187 0 -14.1585 1.02576 0
0.716 8.70908 -9.75795 0 -14.1343 1.21013 0
0.717 8.50863 -9.91123 0 -14.1084 1.39463 0
0.718 8.30406 -10.0617 0 -14.0811 1.57922 0
0.719 8.09549 -10.2093 0 -14.0522 1.76389 0
0.72 7.88303 -10.3539 0 -14.0218 1.9486 0
0.721 7.66678 -10.4957 0 -13.9899 2.13333 0
0.722 7.44687 -10.6345 0 -13.9565 2.31805 0
0.723 7.22341 -10.7703 0 -13.9217 2.50274 0
0.724 6.99652 -10.903 0 -13.8854 2.68738 0
0.725 6.7663 -11.0327 0 -13.8477 2.87193 0
0.726 6.53288 -11.1594 0 -13.8085 3.05637 0
0.727 6.29636 -11.2828 0 -13.7679 3.24067 0
0.728 6.05687 -11.4032 0 -13.7259 3.42481 0
0.729 5.81451 -11.5203 0 -13.6825 3.60876 0
0.73 5.56939 -11.6342 0 -13.6377 3.7925 0
0.731 5.32165 -11.7449 0 -13.5916 3.976 0
0.732 5.07138 -11.8523 0 -13.5441 4.15923 0
0.733 4.8187 -11.9564 0 -13.4952 4.34217 0
0.734 4.56373 -12.0571 0 -13.4451 4.52479 0
0.735 4.30657 -12.1544 0 -13.3936 4.70707 0
0.736 4.04736 -12.2483 0 -13.3408 4.88897 0
0.737 3.78619 -12.3388 0 -13.2867 5.07048 0
0.738 3.52319 -12.4258 0 -13.2313 5.25157 0
0.739 3.25846 -12.5092 0 -13.1747 5.43221 0
0.74 2.99212 -12.5892 0 -13.1168 5.61238 0
0.741 2.72429 -12.6655 0 -13.0576 5.79204 0
0.742 2.45508 -12.7383 0 -12.9973 5.97118 0
0.743 2.18461 -12.8074 0 -12.9357 6.14976 0
0.744 1.91298 -12.8728 0 -12.8729 6.32777 0
0.745 1.64031 -12.9345 0 -12.8089 6.50517 0
0.746 1.36673 -12.9925 0 -12.7437 6.68195 0
0.747 1.09233 -13.0467 0 -12.6774 6.85806 0
0.748 0.817237 -13.0971 0 -12.6099 7.03349 0
0.749 0.541565 -13.1436 0 -12.5413 7.20822 0
0.75 0.265426 -13.1863 0 -12.4715 7.38221 0
0.751 -0.0110646 -13.2251 0 -12.4006 7.55544 0
0.752 -0.287793 -13.26 0 -12.3286 7.72788 0
0.753 -0.564645 -13.2909 0 -12.2556 7.89951 0
0.754 -0.841507 -13.3178 0 -12.1814 8.07031 0
0.755 -1.11826 -13.3406 0 -12.1062 8.24023 0
0.756 -1.3948 -13.3594 0 -12.0299 8.40927 0
0.757 -1.67101 -13.3741 0 -11.9526 8.57739 0
0.758 -1.94676 -13.3847 0 -11.8743 8.74457 0
0.759 -2.22196 -13.3911 0 -11.7949 8.91078 0
0.76 -2.49648 -13.3934 0 -11.7146 9.07599 0
0.761 -2.77021 -13.3914 0 -11.6332 9.24019 0
0.762 -3.04304 -13.3851 0 -11.5509 9.40333 0
0.763 -3.31484 -13.3745 0 -11.4676 9.56541 0
0.764 -3.58552 -13.3597 0 -11.3834 9.72639 0
0.765 -3.85494 -13.3404 0 -11.2982 9.88624 0
0.766 -4.12301 -13.3168 0 -11.2121 10.0449 0
0.767 -4.3896 -13.2888 0 -11.125 10.2025 0
0.768 -4.6546 -13.2563 0 -11.0371 10.3588 0
0.769 -4.9179 -13.2193 0 -10.9483 10.5139 0
0.77 -5.17938 -13.1779 0 -10.8586 10.6677 0
0.771 -5.43893 -13.1318 0 -10.768 10.8203 0
0.772 -5.69643 -13.0812 0 -10.6766 10.9715 0
0.773 -5.95177 -13.026 0 -10.5844 11.1214 0
0.774 -6.20484 -12.9661 0 -10.4913 11.27 0
0.775 -6.45551 -12.9016 0 -10.3974 11.4172 0
0.776 -6.70369 -12.8323 0 -10.3027 11.5629 0
0.777 -6.94924 -12.7583 0 -10.2072 11.7073 0
0.778 -7.19207 -12.6795 0 -10.111 11.8501 0
0.779 -7.43204 -12.5959 0 -10.0139 11.9915 0
0.78 -7.66906 -12.5075 0 -9.91616 12.1314 0
0.781 -7.903 -12.4142 0 -9.81765 12.2697 0
0.782 -8.13376 -12.316 0 -9.71841 12.4064 0
0.783 -8.36121 -12.2128 0 -9.61846 12.5416 0
0.784 -8.58525 -12.1047 0 -9.51781 12.6751 0
0.785 -8.80575 -11.9916 0 -9.41648 12.807 0
0.786 -9.02261 -11.8735 0 -9.31447 12.9373 0
0.787 -9.23571 -11.7502 0 -9.21179 13.0658 0
0.788 -9.44494 -11.6219 0 -9.10847 13.1926 0
0.789 -9.65017 -11.4885 0 -9.00451 13.3176 0
0.79 -9.85131 -11.3499 0 -8.89992 13.4409 0
0.791 -10.0482 -11.2061 0 -8.79472 13.5624 0
0.792 -10.2408 -11.057 0 -8.68893 13.6821 0
0.793 -10.429 -10.9027 0 -8.58254 13.7999 0
0.794 -10.6125 -10.7431 0 -8.47558 13.9158 0
0.795 -10.7915 -10.5782 0 -8.36807 14.0298 0
0.796 -10.9656 -10.4079 0 -8.26 14.1419 0
0.797 -11.1348 -10.2323 0 -8.15139 14.252 0
0.798 -11.299 -10.0512 0 -8.04226 14.3602 0
0.799 -11.4581 -9.86464 0 -7.93263 14.4663 0
0.8 -11.6119 -9.67261 0 -7.82249 14.5704 0
0.801 -11.7604 -9.47509 0 -7.71186 14.6724 0
0.802 -11.9036 -9.27217 0 -7.60077 14.7724 0
0.803 -12.0415 -9.06399 0 -7.48921 14.8702 0
0.804 -12.1741 -8.85069 0 -7.37721 14.9659 0
0.805 -12.3016 -8.63238 0 -7.26477 15.0595 0
0.806 -12.4238 -8.40919 0 -7.1519 15.1508 0
0.807 -12.541 -8.18127 0 -7.03863 15.2399 0
0.808 -12.653 -7.94873 0 -6.92496 15.3268 0
0.809 -12.76 -7.71171 0 -6.81091 15.4114 0
0.81 -12.8619 -7.47033 0 -6.69648 15.4937 0
0.811 -12.9589 -7.22472 0 -6.58169 15.5737 0
0.812 -13.0509 -6.97503 0 -6.46656 15.6514 0
0.813 -13.1381 -6.72136 0 -6.35109 15.7267 0
0.814 -13.2203 -6.46386 0 -6.2353 15.7996 0
0.815 -13.2977 -6.20265 0 -6.1192 15.87 0
0.816 -13.3703 -5.93786 0 -6.0028 15.938 0
0.817 -13.4382 -5.66963 0 -5.88609 16.0037 0
0.818 -13.5014 -5.39807 0 -5.76909 16.0669 0
0.819 -13.5598 -5.12333 0 -5.65179 16.1277 0
0.82 -13.6136 -4.84553 0 -5.53418 16.1862 0
0.821 -13.6628 -4.5648 0 -5.41629 16.2422 0
0.822 -13.7075 -4.28126 0 -5.2981 16.296 0
0.823 -13.7476 -3.99506 0 -5.17962 16.3474 0
0.824 -13.7832 -3.70631 0 -5.06085 16.3965 0
0.825 -13.8144 -3.41515 0 -4.94179 16.4433 0
0.826 -13.8411 -3.12171 0 -4.82244 16.4878 0
0.827 -13.8634 -2.82611 0 -4.70281 16.53 0
0.828 -13.8814 -2.52849 0 -4.58289 16.5699 0
0.829 -13.8951 -2.22898 0 -4.46269 16.6076 0
0.83 -13.9046 -1.9277 0 -4.34221 16.643 0
0.831 -13.9098 -1.62478 0 -4.22145 16.6762 0
0.832 -13.9108 -1.32036 0 -4.10042 16.7072 0
0.833 -13.9076 -1.01457 0 -3.97911 16.736 0
0.834 -13.9003 -0.707521 0 -3.85752 16.7626 0
0.835 -13.889 -0.39936 0 -3.73566 16.787 0
0.836 -13.8736 -0.0902097 0 -3.61354 16.8093 0
0.837 -13.8542 0.219799 0 -3.49114 16.8294 0
0.838 -13.8308 0.530536 0 -3.36847 16.8474 0
0.839 -13.8035 0.841873 0 -3.24554 16.8632 0
0.84 -13.7723 1.15368 0 -3.12235 16.877 0
0.841 -13.7372 1.46583 0 -2.99889 16.8886 0
0.842 -13.6983 1.77819 0 -2.87517 16.8981 0
0.843 -13.6557 2.09063 0 -2.7512 16.9056 0
0.844 -13.6093 2.40302 0 -2.62696 16.911 0
0.845 -13.5592 2.71524 0 -2.50247 16.9144 0
0.846 -13.5054 3.02714 0 -2.37773 16.9158 0
0.847 -13.448 3.33862 0 -2.25273 16.9151 0
0.848 -13.387 3.64952 0 -2.12748 16.9124 0
0.849 -13.3224 3.95973 0 -2.00199 16.9077 0
0.85 -13.2543 4.26912 0 -1.87624 16.9011 0
0.851 -13.1827 4.57755 0 -1.75025 16.8924 0
0.852 -13.1077 4.8849 0 -1.62401 16.8818 0
0.853 -13.0293 5.19104 0 -1.49753 16.8693 0
0.854 -12.9475 5.49583 0 -1.37082 16.8549 0
0.855 -12.8624 5.79915 0 -1.24386 16.8385 0
0.856 -12.774 6.10087 0 -1.11666 16.8202 0
0.857 -12.6824 6.40086 0 -0.989226 16.8001 0
0.858 -12.5875 6.69898 0 -0.861558 16.7781 0
0.859 -12.4894 6.99512 0 -0.733657 16.7542 0
0.86 -12.3882 7.28914 0 -0.605525 16.7284 0
0.861 -12.2839 7.58091 0 -0.477163 16.7008 0
0.862 -12.1765 7.8703 0 -0.348573 16.6714 0
0.863 -12.0661 8.15718 0 -0.219757 16.6402 0
0.864 -11.9527 8.44142 0 -0.0907162 16.6072 0
0.865 -11.8363 8.7229 0 0.0385478 16.5724 0
0.866 -11.7171 9.00148 0 0.168033 16.5359 0
0.867 -11.5949 9.27703 0 0.297739 16.4976 0
0.868 -11.4699 9.54943 0 0.427662 16.4575 0
0.869 -11.3421 9.81855 0 0.557802 16.4157 0
0.87 -11.2115 10.0842 0 0.688157 16.3722 0
0.871 -11.0782 10.3464 0 0.818725 16.327 0
0.872 -10.9422 10.6049 0 0.949505 16.2801 0
0.873 -10.8036 10.8596 0 1.08049 16.2315 0
0.874 -10.6623 11.1103 0 1.21169 16.1812 0
0.875 -10.5184 11.357 0 1.3431 16.1293 0
0.876 -10.372 11.5995 0 1.47471 16.0758 0
0.877 -10.2231 11.8377 0 1.60652 16.0206 0
0.878 -10.0718 12.0714 0 1.73854 15.9638 0
0.879 -9.91799 12.3005 0 1.87075 15.9054 0
0.88 -9.7618 12.525 0 2.00317 15.8455 0
0.881 -9.60325 12.7446 0 2.13578 15.7839 0
0.882 -9.44239 12.9592 0 2.26858 15.7208 0
0.883 -9.27925 13.1687 0 2.40158 15.6561 0
0.884 -9.11386 13.373 0 2.53477 15.59 0
0.885 -8.94628 13.572 0 2.66815 15.5222 0
0.886 -8.77652 13.7654 0 2.80172 15.453 0
0.887 -8.60463 13.9533 0 2.93548 15.3823 0
0.888 -8.43066 14.1354 0 3.06942 15.3101 0
0.889 -8.25462 14.3116 0 3.20355 15.2365 0
0.89 -8.07657 14.4818 0 3.33786 15.1613 0
0.891 -7.89655 14.6459 0 3.47235 15.0848 0
0.892 -7.71458 14.8037 0 3.60702 15.0068 0
0.893 -7.5307 14.9551 0 3.74186 14.9274 0
0.894 -7.34496 15.1 0 3.87688 14.8466 0
0.895 -7.15739 15.2383 0 4.01207 14.7644 0
0.896 -6.96802 15.3698 0 4.14744 14.6808 0
0.897 -6.77691 15.4943 0 4.28298 14.5958 0
0.898 -6.58407 15.6119 0 4.41868 14.5096 0
0.899 -6.38956 15.7222 0 4.55456 14.4219 0
0.9 -6.19341 15.8253 0 4.6906 14.333 0
0.901 -5.99564 15.9209 0 4.8268 14.2427 0
0.902 -5.79629 16.0092 0 4.96317 14.1511 0
0.903 -5.59537 16.0903 0 5.09969 14.0583 0
0.904 -5.39289 16.1641 0 5.23638 13.9642 0
0.905 -5.18888 16.2308 0 5.37322 13.8688 0
0.906 -4.98334 16.2904 0 5.51022 13.7721 0
0.907 -4.77629 16.3431 0 5.64737 13.6743 0
0.908 -4.56775 16.3888 0 5.78468 13.5752 0
0.909 -4.35773 16.4277 0 5.92213 13.4749 0
0.91 -4.14625 16.4599 0 6.05974 13.3734 0
0.911 -3.93333 16.4853 0 6.19749 13.2708 0
0.912 -3.71899 16.5042 0 6.33539 13.167 0
0.913 -3.50323 16.5165 0 6.47344 13.062 0
0.914 -3.28607 16.5223 0 6.61162 12.9558 0
0.915 -3.06754 16.5218 0 6.74995 12.8486 0
0.916 -2.84764 16.515 0 6.88842 12.7402 0
0.917 -2.6264 16.5019 0 7.02702 12.6308 0
0.918 -2.40382 16.4826 0 7.16576 12.5202 0
0.919 -2.17993 16.4573 0 7.30464 12.4086 0
0.92 -1.95474 16.4259 0 7.44365 12.2959 0
0.921 -1.72826 16.3886 0 7.58279 12.1821 0
0.922 -1.50052 16.3454 0 7.72206 12.0674 0
0.923 -1.27153 16.2964 0 7.86145 11.9516 0
0.924 -1.0413 16.2417 0 8.00098 11.8348 0
0.925 -0.809858 16.1814 0 8.14062 11.7169 0
0.926 -0.577209 16.1155 0 8.2804 11.5982 0
0.927 -0.343373 16.0441 0 8.42029 11.4784 0
0.928 -0.108366 15.9673 0 8.5603 11.3577 0
0.929 0.127796 15.8851 0 8.70043 11.236 0
0.93 0.365097 15.7976 0 8.84068 11.1134 0
0.931 0.603521 15.705 0 8.98104 10.9899 0
0.932 0.843051 15.6072 0 9.12151 10.8655 0
0.933 1.08367 15.5044 0 9.2621 10.7402 0
0.934 1.32537 15.3966 0 9.4028 10.614 0
0.935 1.56812 15.2839 0 9.5436 10.4869 0
0.936 1.81192 15.1663 0 9.68451 10.359 0
0.937 2.05674 15.044 0 9.82553 10.2303 0
0.938 2.30258 14.9171 0 9.96665 10.1007 0
0.939 2.54941 14.7855 0 10.1079 9.97032 0
0.94 2.79721 14.6494 0 10.2492 9.83913 0
0.941 3.04598 14.5088 0 10.3906 9.70716 0
0.942 3.2957 14.3639 0 10.5321 9.57441 0
0.943 3.54634 14.2146 0 10.6737 9.4409 0
0.944 3.79791 14.0611 0 10.8154 9.30665 0
0.945 4.05036 13.9035 0 10.9572 9.17166 0
0.946 4.3037 13.7418 0 11.0991 9.03595 0
0.947 4.55791 13.576 0 11.2411 8.89953 0
0.948 4.81297 13.4063 0 11.3832 8.76242 0
0.949 5.06886 13.2328 0 11.5253 8.62463 0
0.95 5.32557 13.0554 0 11.6675 8.48616 0
0.951 5.58308 12.8744 0 11.8099 8.34704 0
0.952 5.84138 12.6897 0 11.9523 8.20728 0
0.953 6.10045 12.5014 0 12.0947 8.06689 0
0.954 6.36027 12.3097 0 12.2373 7.92588 0
0.955 6.62083 12.1145 0 12.3799 7.78427 0
0.956 6.88211 11.916 0 12.5226 7.64206 0
0.957 7.14409 11.7143 0 12.6654 7.49929 0
0.958 7.40677 11.5093 0 12.8082 7.35594 0
0.959 7.67012 11.3012 0 12.9511 7.21205 0
0.96 7.93413 11.0901 0 13.0941 7.06762 0
0.961 8.19878 10.876 0 13.2372 6.92266 0
0.962 8.46405 10.6589 0 13.3803 6.77719 0
0.963 8.72993 10.4391 0 13.5234 6.63123 0
0.964 8.99641 10.2165 0 13.6667 6.48478 0
0.965 9.26347 9.9913 0 13.8099 6.33785 0
0.966 9.53108 9.76345 0 13.9533 6.19047 0
0.967 9.79925 9.53308 0 14.0967 6.04264 0
0.968 10.0679 9.30025 0 14.2402 5.89438 0
0.969 10.3371 9.06505 0 14.3837 5.7457 0
0.97 10.6068 8.82754 0 14.5272 5.59662 0
0.971 10.877 8.58781 0 14.6708 5.44713 0
0.972 11.1477 8.34592 0 14.8145 5.29727 0
0.973 11.4188 8.10195 0 14.9582 5.14705 0
0.974 11.6903 7.85597 0 15.1019 4.99646 0
0.975 11.9622 7.60807 0 15.2457 4.84554 0
0.976 12.2346 7.35831 0 15.3896 4.69429 0
0.977 12.5073 7.10676 0 15.5334 4.54272 0
0.978 12.7804 6.85351 0 15.6773 4.39086 0
0.979 13.0539 6.59862 0 15.8213 4.2387 0
0.98 13.3277 6.34217 0 15.9653 4.08627 0
0.981 13.6018 6.08423 0 16.1093 3.93357 0
0.982 13.8762 5.82489 0 16.2533 3.78063 0
0.983 14.1509 5.56421 0 16.3974 3.62745 0
0.984 14.4259 5.30226 0 16.5415 3.47405 0
0.985 14.7011 5.03913 0 16.6856 3.32044 0
0.986 14.9766 4.77488 0 16.8298 3.16663 0
0.987 15.2523 4.50959 0 16.9739 3.01264 0
0.988 15.5282 4.24334 0 17.1181 2.85848 0
0.989 15.8043 3.97619 0 17.2624 2.70416 0
0.99 16.0806 3.70823 0 17.4066 2.54969 0
0.991 16.357 3.43952 0 17.5508 2.3951 0
0.992 16.6336 3.17015 0 17.6951 2.24038 0
0.993 16.9103 2.90018 0 17.8394 2.08556 0
0.994 17.1872 2.62969 0 17.9837 1.93065 0
0.995 17.4641 2.35876 0 18.128 1.77567 0
0.996 17.7411 2.08745 0 18.2723 1.62061 0
0.997 18.0181 1.81585 0 18.4166 1.4655 0
0.998 18.2953 1.54402 0 18.5609 1.31036 0
0.999 18.5724 1.27205 0 18.7052 1.15519 0
1 18.8496 1 0 18.8496 1 0
