t uniform_x uniform_y uniform_z chordal_x chordal_y chordal_z
0 0.841471 -1.1865e-13 0.540302 0.841471 1.08265e-13 0.540302
0.001 0.839646 0.00521552 0.541364 0.839678 0.0056222 0.541409
0.002 0.837821 0.0104303 0.542427 0.837885 0.0112435 0.542517
0.003 0.835996 0.0156437 0.543489 0.83609 0.0168629 0.543625
0.004 0.834169 0.0208549 0.544553 0.834294 0.0224795 0.544734
0.005 0.832341 0.0260632 0.545617 0.832497 0.0280923 0.545844
0.006 0.830512 0.0312679 0.546683 0.830697 0.0337005 0.546956
0.007 0.82868 0.0364682 0.547751 0.828894 0.0393031 0.548069
0.008 0.826846 0.0416635 0.54882 0.827087 0.0448991 0.549185
0.009 0.825009 0.0468531 0.549892 0.825278 0.0504877 0.550303
0.01 0.823169 0.0520361 0.550965 0.823463 0.0560678 0.551424
0.011 0.821326 0.0572119 0.552042 0.821644 0.0616387 0.552548
0.012 0.819478 0.0623798 0.553121 0.81982 0.0671992 0.553675
0.013 0.817627 0.067539 0.554203 0.817991 0.0727486 0.554806
0.014 0.815772 0.0726889 0.555289 0.816155 0.0782857 0.555941
0.015 0.813911 0.0778286 0.556379 0.814313 0.0838099 0.55708
0.016 0.812046 0.0829575 0.557472 0.812463 0.08932 0.558224
0.017 0.810175 0.0880748 0.55857 0.810606 0.0948151 0.559373
0.018 0.808298 0.0931799 0.559672 0.808741 0.100294 0.560526
0.019 0.806415 0.098272 0.560779 0.806868 0.105757 0.561686
0.02 0.804526 0.10335 0.561891 0.804985 0.111202 0.562851
0.021 0.802629 0.108414 0.563008 0.803093 0.116628 0.564022
0.022 0.800726 0.113463 0.56413 0.801192 0.122034 0.5652
0.023 0.798815 0.118496 0.565258 0.79928 0.12742 0.566384
0.024 0.796896 0.123512 0.566393 0.797357 0.132784 0.567576
0.025 0.79497 0.128511 0.567534 0.795423 0.138126 0.568774
0.026 0.793034 0.133492 0.568681 0.793477 0.143445 0.569981
0.027 0.79109 0.138454 0.569835 0.791519 0.148739 0.571195
0.028 0.789136 0.143397 0.570996 0.789548 0.154008 0.572417
0.029 0.787173 0.148319 0.572164 0.787564 0.159251 0.573649
0.03 0.7852 0.153221 0.57334 0.785566 0.164467 0.574888
0.031 0.783217 0.158101 0.574524 0.783554 0.169655 0.576138
0.032 0.781223 0.162958 0.575716 0.781528 0.174814 0.577396
0.033 0.779219 0.167793 0.576917 0.779486 0.179943 0.578664
0.034 0.777203 0.172603 0.578126 0.777429 0.185041 0.579943
0.035 0.775175 0.177389 0.579344 0.775357 0.190107 0.581232
0.036 0.773136 0.18215 0.580571 0.773267 0.195141 0.582531
0.037 0.771084 0.186885 0.581808 0.771161 0.200141 0.583842
0.038 0.769019 0.191593 0.583054 0.769037 0.205106 0.585163
0.039 0.766942 0.196273 0.584311 0.766895 0.210036 0.586497
0.04 0.764851 0.200926 0.585577 0.764735 0.21493 0.587842
0.041 0.762747 0.20555 0.586854 0.762556 0.219786 0.5892
0.042 0.760629 0.210144 0.588142 0.760358 0.224604 0.59057
0.043 0.758496 0.214707 0.589441 0.758141 0.229383 0.591952
0.044 0.756349 0.21924 0.590751 0.755902 0.234121 0.593348
0.045 0.754187 0.223741 0.592073 0.753644 0.238819 0.594758
0.046 0.752009 0.228209 0.593406 0.751364 0.243474 0.596181
0.047 0.749816 0.232644 0.594751 0.749062 0.248087 0.597618
0.048 0.747606 0.237046 0.596109 0.746738 0.252655 0.59907
0.049 0.745381 0.241412 0.59748 0.744392 0.257179 0.600536
0.05 0.743138 0.245743 0.598863 0.742023 0.261657 0.602017
0.051 0.740879 0.250039 0.600259 0.73963 0.266088 0.603513
0.052 0.738602 0.254297 0.601669 0.737213 0.270471 0.605025
0.053 0.736307 0.258518 0.603093 0.734771 0.274806 0.606553
0.054 0.733995 0.2627 0.60453 0.732305 0.279092 0.608097
0.055 0.731663 0.266844 0.605981 0.729813 0.283327 0.609658
0.056 0.729313 0.270948 0.607447 0.727296 0.28751 0.611235
0.057 0.726944 0.275011 0.608928 0.724752 0.291642 0.61283
0.058 0.724556 0.279034 0.610423 0.722181 0.29572 0.614441
0.059 0.722148 0.283014 0.611934 0.719583 0.299744 0.616071
0.06 0.719719 0.286952 0.61346 0.716957 0.303712 0.617719
0.061 0.717271 0.290846 0.615002 0.714303 0.307625 0.619384
0.062 0.714801 0.294697 0.61656 0.71162 0.311481 0.621069
0.063 0.71231 0.298503 0.618135 0.708908 0.315279 0.622772
0.064 0.709798 0.302263 0.619725 0.706167 0.319018 0.624495
0.065 0.707264 0.305977 0.621333 0.703395 0.322697 0.626237
0.066 0.704708 0.309644 0.622957 0.700593 0.326315 0.627999
0.067 0.702129 0.313264 0.624599 0.69776 0.329872 0.629781
0.068 0.699527 0.316835 0.626259 0.694895 0.333366 0.631584
0.069 0.696902 0.320357 0.627936 0.691998 0.336797 0.633408
0.07 0.694254 0.323829 0.629631 0.689069 0.340163 0.635252
0.071 0.691582 0.327251 0.631345 0.686106 0.343464 0.637118
0.072 0.688885 0.330621 0.633078 0.683111 0.346699 0.639005
0.073 0.686164 0.33394 0.634829 0.680081 0.349866 0.640915
0.074 0.683418 0.337205 0.636599 0.677017 0.352965 0.642847
0.075 0.680647 0.340418 0.638389 0.673919 0.355995 0.644801
0.076 0.67785 0.343576 0.640199 0.670785 0.358955 0.646779
0.077 0.675028 0.346679 0.642028 0.667615 0.361844 0.648779
0.078 0.672179 0.349727 0.643878 0.664409 0.364661 0.650803
0.079 0.669303 0.352719 0.645748 0.661166 0.367405 0.652851
0.08 0.666401 0.355653 0.647639 0.657887 0.370075 0.654923
0.081 0.663471 0.35853 0.64955 0.654569 0.372671 0.657019
0.082 0.660514 0.361348 0.651483 0.651213 0.375191 0.65914
0.083 0.657528 0.364107 0.653438 0.647819 0.377634 0.661287
0.084 0.654514 0.366806 0.655414 0.644386 0.38 0.663458
0.085 0.651472 0.369445 0.657413 0.640913 0.382287 0.665655
0.086 0.648401 0.372022 0.659433 0.637401 0.384495 0.667878
0.087 0.6453 0.374537 0.661476 0.633847 0.386623 0.670128
0.088 0.64217 0.376989 0.663542 0.630253 0.388669 0.672404
0.089 0.639009 0.379378 0.665632 0.626618 0.390633 0.674706
0.09 0.635819 0.381703 0.667744 0.62294 0.392514 0.677036
0.091 0.632597 0.383962 0.66988 0.61922 0.394311 0.679394
0.092 0.629345 0.386156 0.67204 0.615458 0.396023 0.681779
0.093 0.626061 0.388283 0.674224 0.611652 0.397649 0.684192
0.094 0.622745 0.390344 0.676432 0.607802 0.399188 0.686634
0.095 0.619398 0.392336 0.678666 0.603909 0.40064 0.689105
0.096 0.616017 0.39426 0.680924 0.59997 0.402002 0.691604
0.097 0.612605 0.396115 0.683207 0.595987 0.403276 0.694132
0.098 0.609159 0.397899 0.685515 0.591961 0.404462 0.696688
0.099 0.605679 0.399613 0.68785 0.587892 0.405561 0.699272
0.1 0.602166 0.401255 0.69021 0.583782 0.406573 0.701882
0.101 0.598619 0.402826 0.692596 0.579632 0.4075 0.704518
0.102 0.595039 0.404324 0.695008 0.575442 0.408341 0.707179
0.103 0.591425 0.405751 0.697445 0.571214 0.409099 0.709865
0.104 0.587779 0.407106 0.699907 0.566948 0.409773 0.712575
0.105 0.584102 0.408391 0.702392 0.562646 0.410365 0.715307
0.106 0.580393 0.409604 0.7049 0.558308 0.410874 0.718063
0.107 0.576654 0.410747 0.70743 0.553936 0.411303 0.720839
0.108 0.572884 0.41182 0.709982 0.549531 0.411651 0.723637
0.109 0.569085 0.412823 0.712555 0.545093 0.41192 0.726455
0.11 0.565258 0.413756 0.715149 0.540623 0.41211 0.729293
0.111 0.561402 0.41462 0.717763 0.536123 0.412222 0.732149
0.112 0.557519 0.415415 0.720396 0.531594 0.412257 0.735024
0.113 0.553608 0.416141 0.723047 0.527035 0.412215 0.737916
0.114 0.549671 0.416798 0.725717 0.52245 0.412098 0.740825
0.115 0.545708 0.417387 0.728404 0.517837 0.411905 0.74375
0.116 0.54172 0.417908 0.731107 0.5132 0.411639 0.74669
0.117 0.537707 0.418362 0.733827 0.508537 0.411299 0.749645
0.118 0.53367 0.418748 0.736561 0.503851 0.410886 0.752614
0.119 0.52961 0.419066 0.739311 0.499142 0.410402 0.755596
0.12 0.525527 0.419318 0.742075 0.494412 0.409846 0.75859
0.121 0.521421 0.419504 0.744852 0.489661 0.40922 0.761596
0.122 0.517293 0.419623 0.747643 0.484891 0.408524 0.764614
0.123 0.513145 0.419676 0.750445 0.480102 0.40776 0.767641
0.124 0.508975 0.419663 0.753259 0.475295 0.406927 0.770679
0.125 0.504786 0.419585 0.756084 0.470471 0.406028 0.773725
0.126 0.500578 0.419441 0.758919 0.465632 0.405061 0.77678
0.127 0.49635 0.419233 0.761764 0.460778 0.404029 0.779842
0.128 0.492104 0.41896 0.764618 0.45591 0.402932 0.782912
0.129 0.487841 0.418623 0.767481 0.45103 0.401771 0.785987
0.13 0.483561 0.418221 0.770351 0.446138 0.400546 0.789068
0.131 0.479264 0.417756 0.773228 0.441235 0.399258 0.792153
0.132 0.474951 0.417227 0.776112 0.436322 0.397909 0.795243
0.133 0.470623 0.416635 0.779002 0.431401 0.396498 0.798336
0.134 0.46628 0.41598 0.781897 0.426472 0.395027 0.801431
0.135 0.461923 0.415263 0.784796 0.421536 0.393496 0.804528
0.136 0.457553 0.414483 0.7877 0.416594 0.391907 0.807627
0.137 0.45317 0.41364 0.790607 0.411648 0.390259 0.810726
0.138 0.448774 0.412736 0.793516 0.406697 0.388554 0.813825
0.139 0.444367 0.411771 0.796428 0.401744 0.386792 0.816923
0.14 0.439948 0.410744 0.799341 0.396789 0.384975 0.82002
0.141 0.435519 0.409656 0.802254 0.391833 0.383102 0.823114
0.142 0.43108 0.408508 0.805168 0.386877 0.381175 0.826205
0.143 0.426631 0.407299 0.808082 0.381922 0.379195 0.829292
0.144 0.422174 0.40603 0.810994 0.37697 0.377162 0.832375
0.145 0.417709 0.404701 0.813904 0.37202 0.375077 0.835453
0.146 0.413235 0.403312 0.816812 0.367075 0.372941 0.838525
0.147 0.408755 0.401864 0.819717 0.362134 0.370754 0.84159
0.148 0.404268 0.400357 0.822619 0.3572 0.368518 0.844648
0.149 0.399776 0.398791 0.825516 0.352273 0.366232 0.847698
0.15 0.395278 0.397167 0.828408 0.347353 0.363899 0.85074
0.151 0.390775 0.395485 0.831294 0.342443 0.361518 0.853772
0.152 0.386268 0.393744 0.834175 0.337543 0.35909 0.856794
0.153 0.381758 0.391946 0.837048 0.332654 0.356617 0.859805
0.154 0.377245 0.390091 0.839914 0.327777 0.354098 0.862805
0.155 0.372729 0.388178 0.842772 0.322912 0.351535 0.865792
0.156 0.368212 0.386209 0.845621 0.318062 0.348929 0.868767
0.157 0.363694 0.384183 0.84846 0.313227 0.34628 0.871728
0.158 0.359175 0.382101 0.85129 0.308407 0.343588 0.874675
0.159 0.354656 0.379963 0.854109 0.303605 0.340856 0.877606
0.16 0.350137 0.377769 0.856916 0.29882 0.338083 0.880522
0.161 0.34562 0.37552 0.859712 0.294055 0.33527 0.883422
0.162 0.341105 0.373216 0.862495 0.289309 0.332418 0.886304
0.163 0.336591 0.370857 0.865265 0.284584 0.329528 0.889168
0.164 0.332081 0.368443 0.86802 0.279881 0.326601 0.892014
0.165 0.327575 0.365975 0.870762 0.275201 0.323637 0.894841
0.166 0.323072 0.363453 0.873488 0.270545 0.320637 0.897648
0.167 0.318574 0.360877 0.876199 0.265913 0.317601 0.900434
0.168 0.314082 0.358248 0.878893 0.261308 0.314532 0.903198
0.169 0.309595 0.355566 0.88157 0.256729 0.311429 0.905941
0.17 0.305115 0.352831 0.884229 0.252178 0.308293 0.908661
0.171 0.300642 0.350043 0.88687 0.247656 0.305125 0.911357
0.172 0.296177 0.347202 0.889492 0.243164 0.301925 0.914029
0.173 0.29172 0.34431 0.892095 0.238702 0.298695 0.916676
0.174 0.287271 0.341366 0.894677 0.234272 0.295435 0.919298
0.175 0.282832 0.338371 0.897239 0.229875 0.292146 0.921893
0.176 0.278403 0.335324 0.899779 0.225512 0.288829 0.924461
0.177 0.273985 0.332226 0.902296 0.221183 0.285485 0.927002
0.178 0.269578 0.329078 0.904791 0.21689 0.282113 0.929514
0.179 0.265183 0.325879 0.907263 0.212634 0.278716 0.931996
0.18 0.2608 0.32263 0.909711 0.208415 0.275294 0.934449
0.181 0.25643 0.319332 0.912133 0.204235 0.271847 0.936872
0.182 0.252073 0.315984 0.914531 0.200095 0.268376 0.939263
0.183 0.247731 0.312586 0.916903 0.195995 0.264883 0.941622
0.184 0.243403 0.30914 0.919248 0.191938 0.261367 0.943949
0.185 0.239091 0.305645 0.921566 0.187922 0.25783 0.946242
0.186 0.234794 0.302101 0.923855 0.183951 0.254273 0.948501
0.187 0.230514 0.29851 0.926117 0.180024 0.250695 0.950725
0.188 0.226251 0.29487 0.928349 0.176142 0.247099 0.952914
0.189 0.222006 0.291183 0.930552 0.172307 0.243484 0.955067
0.19 0.217779 0.287449 0.932724 0.168517 0.239851 0.957183
0.191 0.213571 0.283667 0.934865 0.164773 0.2362 0.959264
0.192 0.209382 0.279839 0.936974 0.161072 0.232532 0.961308
0.193 0.205213 0.275964 0.939052 0.157415 0.228846 0.963317
0.194 0.201065 0.272044 0.941096 0.153801 0.225144 0.965289
0.195 0.196938 0.268077 0.943106 0.150228 0.221425 0.967226
0.196 0.192833 0.264065 0.945083 0.146697 0.21769 0.969127
0.197 0.18875 0.260007 0.947024 0.143207 0.213938 0.970992
0.198 0.18469 0.255904 0.94893 0.139756 0.210171 0.97282
0.199 0.180654 0.251757 0.9508 0.136345 0.206389 0.974613
0.2 0.176641 0.247565 0.952633 0.132972 0.202592 0.976371
0.201 0.172654 0.243328 0.954429 0.129636 0.198779 0.978092
0.202 0.16869 0.239049 0.956187 0.126338 0.194953 0.979778
0.203 0.16475 0.234727 0.957908 0.123076 0.191112 0.981428
0.204 0.160834 0.230363 0.959592 0.119849 0.187257 0.983042
0.205 0.156941 0.225959 0.961238 0.116657 0.183388 0.98462
0.206 0.15307 0.221515 0.962848 0.113499 0.179506 0.986163
0.207 0.14922 0.217032 0.96442 0.110374 0.175611 0.987671
0.208 0.145393 0.212511 0.965955 0.107282 0.171704 0.989142
0.209 0.141586 0.207953 0.967452 0.104222 0.167783 0.990578
0.21 0.1378 0.203359 0.968913 0.101193 0.163851 0.991979
0.211 0.134034 0.198729 0.970336 0.0981944 0.159907 0.993344
0.212 0.130288 0.194065 0.971723 0.0952255 0.155951 0.994673
0.213 0.126561 0.189367 0.973072 0.0922856 0.151984 0.995967
0.214 0.122852 0.184636 0.974385 0.0893739 0.148006 0.997226
0.215 0.119162 0.179874 0.975661 0.0864897 0.144018 0.998449
0.216 0.11549 0.17508 0.976899 0.0836323 0.140019 0.999636
0.217 0.111835 0.170257 0.978101 0.080801 0.13601 1.00079
0.218 0.108197 0.165404 0.979266 0.077995 0.131991 1.00191
0.219 0.104575 0.160523 0.980394 0.0752136 0.127963 1.00299
0.22 0.100969 0.155615 0.981486 0.0724562 0.123925 1.00403
0.221 0.0973789 0.15068 0.98254 0.0697219 0.119879 1.00505
0.222 0.0938036 0.145719 0.983558 0.0670101 0.115824 1.00602
0.223 0.0902429 0.140734 0.98454 0.0643199 0.111761 1.00696
0.224 0.0866964 0.135725 0.985484 0.0616508 0.10769 1.00787
0.225 0.0831634 0.130693 0.986392 0.059002 0.103611 1.00874
0.226 0.0796437 0.125638 0.987264 0.0563727 0.0995243 1.00957
0.227 0.0761367 0.120563 0.988099 0.0537622 0.0954309 1.01037
0.228 0.0726419 0.115467 0.988897 0.0511698 0.0913306 1.01114
0.229 0.0691589 0.110351 0.989659 0.0485948 0.0872238 1.01187
0.23 0.0656873 0.105217 0.990385 0.0460364 0.0831108 1.01256
0.231 0.0622266 0.100066 0.991074 0.043494 0.0789918 1.01322
0.232 0.0587763 0.0948974 0.991727 0.0409667 0.0748673 1.01385
0.233 0.0553359 0.089713 0.992343 0.0384539 0.0707373 1.01444
0.234 0.0519051 0.0845136 0.992923 0.0359549 0.0666024 1.01499
0.235 0.0484832 0.0793001 0.993467 0.0334689 0.0624627 1.01551
0.236 0.04507 0.0740733 0.993975 0.0309952 0.0583186 1.016
0.237 0.0416649 0.0688341 0.994446 0.0285331 0.0541703 1.01645
0.238 0.0382674 0.0635834 0.994882 0.0260818 0.0500182 1.01687
0.239 0.0348771 0.058322 0.995281 0.0236406 0.0458625 1.01725
0.24 0.0314935 0.053051 0.995644 0.0212088 0.0417035 1.01759
0.241 0.0281162 0.0477711 0.995971 0.0187858 0.0375416 1.0179
0.242 0.0247448 0.0424832 0.996262 0.0163706 0.0333771 1.01818
0.243 0.0213786 0.0371883 0.996517 0.0139627 0.0292101 1.01842
0.244 0.0180174 0.0318872 0.996736 0.0115613 0.0250411 1.01863
0.245 0.0146606 0.0265808 0.996919 0.00916565 0.0208703 1.0188
0.246 0.0113077 0.0212699 0.997066 0.00677505 0.016698 1.01894
0.247 0.00795834 0.0159555 0.997177 0.00438879 0.0125245 1.01904
0.248 0.00461202 0.0106385 0.997253 0.00200612 0.00835019 1.01911
0.249 0.00126829 0.00531969 0.997292 -0.000373672 0.00417524 1.01915
0.25 -0.00207332 2.08722e-14 0.997296 -0.00275131 -5.66214e-15 1.01915
0.251 -0.00541328 -0.00531969 0.997264 -0.00512753 -0.00417524 1.01911
0.252 -0.00875203 -0.0106385 0.997197 -0.00750305 -0.00835019 1.01905
0.253 -0.0120901 -0.0159555 0.997094 -0.00987858 -0.0125245 1.01894
0.254 -0.0154278 -0.0212699 0.996955 -0.0122549 -0.016698 1.0188
0.255 -0.0187657 -0.0265808 0.99678 -0.0146326 -0.0208703 1.01863
0.256 -0.0221043 -0.0318872 0.99657 -0.0170126 -0.0250411 1.01843
0.257 -0.025444 -0.0371883 0.996325 -0.0193955 -0.0292101 1.01819
0.258 -0.0287852 -0.0424832 0.996044 -0.021782 -0.0333771 1.01791
0.259 -0.0321285 -0.0477711 0.995727 -0.0241729 -0.0375416 1.0176
0.26 -0.0354743 -0.053051 0.995375 -0.0265689 -0.0417035 1.01726
0.261 -0.038823 -0.058322 0.994988 -0.0289707 -0.0458625 1.01688
0.262 -0.0421752 -0.0635834 0.994566 -0.0313791 -0.0500182 1.01647
0.263 -0.0455312 -0.0688341 0.994108 -0.0337948 -0.0541703 1.01602
0.264 -0.0488915 -0.0740733 0.993614 -0.0362184 -0.0583186 1.01554
0.265 -0.0522567 -0.0793001 0.993086 -0.0386508 -0.0624627 1.01503
0.266 -0.0556271 -0.0845136 0.992522 -0.0410926 -0.0666024 1.01448
0.267 -0.0590032 -0.089713 0.991923 -0.0435446 -0.0707373 1.0139
0.268 -0.0623855 -0.0948974 0.991289 -0.0460075 -0.0748673 1.01328
0.269 -0.0657745 -0.100066 0.99062 -0.048482 -0.0789918 1.01263
0.27 -0.0691705 -0.105217 0.989915 -0.0509688 -0.0831108 1.01195
0.271 -0.0725741 -0.110351 0.989176 -0.0534687 -0.0872238 1.01123
0.272 -0.0759858 -0.115467 0.988401 -0.0559825 -0.0913306 1.01048
0.273 -0.0794059 -0.120563 0.987592 -0.0585107 -0.0954309 1.00969
0.274 -0.0828349 -0.125638 0.986748 -0.0610542 -0.0995243 1.00887
0.275 -0.0862734 -0.130693 0.985868 -0.0636136 -0.103611 1.00802
0.276 -0.0897218 -0.135725 0.984954 -0.0661898 -0.10769 1.00713
0.277 -0.0931804 -0.140734 0.984005 -0.0687834 -0.111761 1.00621
0.278 -0.0966499 -0.145719 0.983021 -0.0713951 -0.115824 1.00526
0.279 -0.100131 -0.15068 0.982003 -0.0740257 -0.119879 1.00427
0.28 -0.103623 -0.155615 0.980949 -0.0766758 -0.123925 1.00325
0.281 -0.107128 -0.160523 0.979861 -0.0793463 -0.127963 1.00219
0.282 -0.110645 -0.165404 0.978738 -0.0820379 -0.131991 1.0011
0.283 -0.114175 -0.170257 0.977581 -0.0847512 -0.13601 0.999978
0.284 -0.117719 -0.17508 0.976389 -0.087487 -0.140019 0.998821
0.285 -0.121277 -0.179874 0.975162 -0.090246 -0.144018 0.997631
0.286 -0.124849 -0.184636 0.973901 -0.093029 -0.148006 0.996407
0.287 -0.128437 -0.189367 0.972605 -0.0958366 -0.151984 0.99515
0.288 -0.132039 -0.194065 0.971274 -0.0986697 -0.155951 0.993859
0.289 -0.135658 -0.198729 0.96991 -0.101529 -0.159907 0.992535
0.29 -0.139293 -0.203359 0.968511 -0.104415 -0.163851 0.991177
0.291 -0.142945 -0.207953 0.967077 -0.107328 -0.167783 0.989786
0.292 -0.146614 -0.212511 0.965609 -0.11027 -0.171704 0.988361
0.293 -0.1503 -0.217032 0.964107 -0.113241 -0.175611 0.986904
0.294 -0.154005 -0.221515 0.96257 -0.116242 -0.179506 0.985413
0.295 -0.157729 -0.225959 0.961 -0.119273 -0.183388 0.983888
0.296 -0.161471 -0.230363 0.959395 -0.122335 -0.187257 0.98233
0.297 -0.165233 -0.234727 0.957755 -0.125429 -0.191112 0.98074
0.298 -0.169015 -0.239049 0.956082 -0.128556 -0.194953 0.979115
0.299 -0.172818 -0.243328 0.954375 -0.131716 -0.198779 0.977458
0.3 -0.176641 -0.247565 0.952633 -0.134911 -0.202592 0.975768
0.301 -0.180486 -0.251757 0.950857 -0.13814 -0.206389 0.974044
0.302 -0.184352 -0.255904 0.949048 -0.141404 -0.210171 0.972287
0.303 -0.188238 -0.260007 0.947206 -0.144705 -0.213938 0.970497
0.304 -0.192145 -0.264065 0.945332 -0.148043 -0.21769 0.968675
0.305 -0.196071 -0.268077 0.943425 -0.151419 -0.221425 0.966819
0.306 -0.200017 -0.272044 0.941487 -0.154833 -0.225144 0.96493
0.307 -0.203982 -0.275964 0.939517 -0.158286 -0.228846 0.963008
0.308 -0.207966 -0.279839 0.937517 -0.161779 -0.232532 0.961053
0.309 -0.211968 -0.283667 0.935488 -0.165313 -0.2362 0.959066
0.31 -0.215988 -0.287449 0.933428 -0.168888 -0.239851 0.957045
0.311 -0.220025 -0.291183 0.93134 -0.172505 -0.243484 0.954991
0.312 -0.224079 -0.29487 0.929223 -0.176165 -0.247099 0.952905
0.313 -0.228151 -0.29851 0.927078 -0.179868 -0.250695 0.950786
0.314 -0.232238 -0.302101 0.924905 -0.183615 -0.254273 0.948635
0.315 -0.236341 -0.305645 0.922706 -0.187403 -0.25783 0.946451
0.316 -0.24046 -0.30914 0.92048 -0.191233 -0.261367 0.944237
0.317 -0.244595 -0.312586 0.918228 -0.195103 -0.264883 0.941992
0.318 -0.248744 -0.315984 0.91595 -0.199013 -0.268376 0.939717
0.319 -0.252907 -0.319332 0.913647 -0.202963 -0.271847 0.937412
0.32 -0.257084 -0.32263 0.91132 -0.20695 -0.275294 0.935078
0.321 -0.261275 -0.325879 0.908969 -0.210975 -0.278716 0.932716
0.322 -0.265479 -0.329078 0.906594 -0.215037 -0.282113 0.930326
0.323 -0.269696 -0.332226 0.904197 -0.219135 -0.285485 0.927908
0.324 -0.273926 -0.335324 0.901777 -0.223268 -0.288829 0.925463
0.325 -0.278167 -0.338371 0.899335 -0.227436 -0.292146 0.922993
0.326 -0.282421 -0.341366 0.896871 -0.231637 -0.295435 0.920496
0.327 -0.286685 -0.34431 0.894386 -0.235871 -0.298695 0.917975
0.328 -0.29096 -0.347202 0.891881 -0.240138 -0.301925 0.915428
0.329 -0.295246 -0.350043 0.889356 -0.244435 -0.305125 0.912858
0.33 -0.299542 -0.352831 0.886811 -0.248764 -0.308293 0.910264
0.331 -0.303848 -0.355566 0.884248 -0.253122 -0.311429 0.907648
0.332 -0.308163 -0.358248 0.881666 -0.257509 -0.314532 0.905008
0.333 -0.312487 -0.360877 0.879066 -0.261924 -0.317601 0.902347
0.334 -0.316819 -0.363453 0.876448 -0.266367 -0.320637 0.899665
0.335 -0.32116 -0.365975 0.873814 -0.270837 -0.323637 0.896962
0.336 -0.325508 -0.368443 0.871163 -0.275332 -0.326601 0.894238
0.337 -0.329864 -0.370857 0.868496 -0.279853 -0.329528 0.891495
0.338 -0.334227 -0.373216 0.865813 -0.284398 -0.332418 0.888733
0.339 -0.338596 -0.37552 0.863116 -0.288967 -0.33527 0.885952
0.34 -0.342972 -0.377769 0.860404 -0.293559 -0.338083 0.883154
0.341 -0.347353 -0.379963 0.857678 -0.298173 -0.340856 0.880337
0.342 -0.35174 -0.382101 0.854939 -0.302808 -0.343588 0.877504
0.343 -0.356132 -0.384183 0.852186 -0.307464 -0.34628 0.874655
0.344 -0.360529 -0.386209 0.849422 -0.312139 -0.348929 0.87179
0.345 -0.36493 -0.388178 0.846645 -0.316834 -0.351535 0.868909
0.346 -0.369334 -0.390091 0.843857 -0.321547 -0.354098 0.866014
0.347 -0.373743 -0.391946 0.841058 -0.326277 -0.356617 0.863104
0.348 -0.378154 -0.393744 0.838248 -0.331024 -0.35909 0.860181
0.349 -0.382568 -0.395485 0.835429 -0.335787 -0.361518 0.857245
0.35 -0.386984 -0.397167 0.8326 -0.340565 -0.363899 0.854297
0.351 -0.391403 -0.398791 0.829762 -0.345357 -0.366232 0.851336
0.352 -0.395823 -0.400357 0.826916 -0.350163 -0.368518 0.848364
0.353 -0.400244 -0.401864 0.824061 -0.354982 -0.370754 0.845381
0.354 -0.404665 -0.403312 0.8212 -0.359813 -0.372941 0.842388
0.355 -0.409088 -0.404701 0.818331 -0.364655 -0.375077 0.839385
0.356 -0.41351 -0.40603 0.815456 -0.369508 -0.377162 0.836373
0.357 -0.417932 -0.407299 0.812575 -0.374371 -0.379195 0.833353
0.358 -0.422353 -0.408508 0.809688 -0.379242 -0.381175 0.830324
0.359 -0.426772 -0.409656 0.806797 -0.384122 -0.383102 0.827287
0.36 -0.431191 -0.410744 0.803901 -0.389009 -0.384975 0.824244
0.361 -0.435607 -0.411771 0.801002 -0.393903 -0.386792 0.821194
0.362 -0.440021 -0.412736 0.798099 -0.398803 -0.388554 0.818138
0.363 -0.444432 -0.41364 0.795193 -0.403708 -0.390259 0.815077
0.364 -0.44884 -0.414483 0.792284 -0.408617 -0.391907 0.812011
0.365 -0.453245 -0.415263 0.789374 -0.41353 -0.393496 0.808941
0.366 -0.457645 -0.41598 0.786462 -0.418445 -0.395027 0.805868
0.367 -0.462042 -0.416635 0.783549 -0.423363 -0.396498 0.802791
0.368 -0.466433 -0.417227 0.780636 -0.428282 -0.397909 0.799711
0.369 -0.47082 -0.417756 0.777723 -0.433202 -0.399258 0.796629
0.37 -0.475201 -0.418221 0.774811 -0.438121 -0.400546 0.793546
0.371 -0.479576 -0.418623 0.7719 -0.443039 -0.401771 0.790462
0.372 -0.483945 -0.41896 0.76899 -0.447955 -0.402932 0.787378
0.373 -0.488308 -0.419233 0.766083 -0.452869 -0.404029 0.784294
0.374 -0.492663 -0.419441 0.763178 -0.457779 -0.405061 0.78121
0.375 -0.497011 -0.419585 0.760276 -0.462686 -0.406028 0.778128
0.376 -0.501351 -0.419663 0.757378 -0.467587 -0.406927 0.775047
0.377 -0.505683 -0.419676 0.754483 -0.472483 -0.40776 0.771969
0.378 -0.510007 -0.419623 0.751594 -0.477372 -0.408524 0.768894
0.379 -0.514321 -0.419504 0.74871 -0.482254 -0.40922 0.765822
0.38 -0.518627 -0.419318 0.745831 -0.487128 -0.409846 0.762754
0.381 -0.522922 -0.419066 0.742958 -0.491993 -0.410402 0.759691
0.382 -0.527207 -0.418748 0.740092 -0.496849 -0.410886 0.756633
0.383 -0.531482 -0.418362 0.737233 -0.501694 -0.411299 0.753581
0.384 -0.535746 -0.417908 0.734382 -0.506529 -0.411639 0.750534
0.385 -0.539998 -0.417387 0.731539 -0.511351 -0.411905 0.747495
0.386 -0.544239 -0.416798 0.728705 -0.516161 -0.412098 0.744463
0.387 -0.548468 -0.416141 0.725879 -0.520958 -0.412215 0.741438
0.388 -0.552684 -0.415415 0.723064 -0.52574 -0.412257 0.738423
0.389 -0.556888 -0.41462 0.720258 -0.530508 -0.412222 0.735416
0.39 -0.561078 -0.413756 0.717463 -0.535259 -0.41211 0.732418
0.391 -0.565255 -0.412823 0.714679 -0.539994 -0.41192 0.729431
0.392 -0.569417 -0.41182 0.711907 -0.544712 -0.411651 0.726455
0.393 -0.573565 -0.410747 0.709147 -0.549412 -0.411303 0.723489
0.394 -0.577699 -0.409604 0.7064 -0.554094 -0.410874 0.720535
0.395 -0.581817 -0.408391 0.703666 -0.558755 -0.410365 0.717594
0.396 -0.58592 -0.407106 0.700945 -0.563397 -0.409773 0.714665
0.397 -0.590006 -0.405751 0.698239 -0.568017 -0.409099 0.71175
0.398 -0.594076 -0.404324 0.695547 -0.572615 -0.408341 0.708848
0.399 -0.59813 -0.402826 0.692871 -0.577191 -0.4075 0.705962
0.4 -0.602166 -0.401255 0.69021 -0.581743 -0.406573 0.70309
0.401 -0.606185 -0.399613 0.687565 -0.586271 -0.405561 0.700233
0.402 -0.610186 -0.397899 0.684937 -0.590774 -0.404462 0.697393
0.403 -0.614169 -0.396115 0.682325 -0.595251 -0.403276 0.69457
0.404 -0.618132 -0.39426 0.67973 -0.599702 -0.402002 0.691763
0.405 -0.622076 -0.392336 0.677152 -0.604126 -0.40064 0.688975
0.406 -0.626001 -0.390344 0.674592 -0.608522 -0.399188 0.686205
0.407 -0.629905 -0.388283 0.672048 -0.612889 -0.397649 0.683453
0.408 -0.633788 -0.386156 0.669522 -0.617228 -0.396023 0.68072
0.409 -0.63765 -0.383962 0.667015 -0.621537 -0.394311 0.678005
0.41 -0.641491 -0.381703 0.664525 -0.625818 -0.392514 0.67531
0.411 -0.64531 -0.379378 0.662053 -0.630068 -0.390633 0.672634
0.412 -0.649106 -0.376989 0.6596 -0.634288 -0.388669 0.669978
0.413 -0.652879 -0.374537 0.657165 -0.638478 -0.386623 0.667341
0.414 -0.656628 -0.372022 0.65475 -0.642637 -0.384495 0.664725
0.415 -0.660354 -0.369445 0.652353 -0.646764 -0.382287 0.662129
0.416 -0.664056 -0.366806 0.649976 -0.650859 -0.38 0.659553
0.417 -0.667732 -0.364107 0.647618 -0.654923 -0.377634 0.656998
0.418 -0.671383 -0.361348 0.64528 -0.658953 -0.375191 0.654464
0.419 -0.675009 -0.35853 0.642962 -0.662951 -0.372671 0.651952
0.42 -0.678608 -0.355653 0.640663 -0.666915 -0.370075 0.649461
0.421 -0.682181 -0.352719 0.638386 -0.670846 -0.367405 0.646991
0.422 -0.685727 -0.349727 0.636128 -0.674743 -0.364661 0.644543
0.423 -0.689245 -0.346679 0.633892 -0.678605 -0.361844 0.642118
0.424 -0.692735 -0.343576 0.631676 -0.682432 -0.358955 0.639715
0.425 -0.696197 -0.340418 0.629481 -0.686224 -0.355995 0.637335
0.426 -0.69963 -0.337205 0.627308 -0.68998 -0.352965 0.634977
0.427 -0.703033 -0.33394 0.625157 -0.6937 -0.349866 0.632642
0.428 -0.706407 -0.330621 0.623027 -0.697383 -0.346699 0.630331
0.429 -0.70975 -0.327251 0.620919 -0.70103 -0.343464 0.628044
0.43 -0.713063 -0.323829 0.618833 -0.70464 -0.340163 0.62578
0.431 -0.716345 -0.320357 0.61677 -0.708212 -0.336797 0.62354
0.432 -0.719595 -0.316835 0.614729 -0.711745 -0.333366 0.621324
0.433 -0.722812 -0.313264 0.612711 -0.715241 -0.329872 0.619133
0.434 -0.725998 -0.309644 0.610716 -0.718697 -0.326315 0.616967
0.435 -0.72915 -0.305977 0.608745 -0.722115 -0.322697 0.614825
0.436 -0.732269 -0.302263 0.606796 -0.725493 -0.319018 0.612709
0.437 -0.735354 -0.298503 0.604872 -0.72883 -0.315279 0.610618
0.438 -0.738404 -0.294697 0.602971 -0.732128 -0.311481 0.608553
0.439 -0.74142 -0.290846 0.601094 -0.735385 -0.307625 0.606513
0.44 -0.7444 -0.286952 0.599242 -0.7386 -0.303712 0.6045
0.441 -0.747345 -0.283014 0.597414 -0.741774 -0.299744 0.602513
0.442 -0.750254 -0.279034 0.59561 -0.744906 -0.29572 0.600553
0.443 -0.753125 -0.275011 0.593832 -0.747996 -0.291642 0.598619
0.444 -0.75596 -0.270948 0.592078 -0.751043 -0.28751 0.596713
0.445 -0.758758 -0.266844 0.59035 -0.754047 -0.283327 0.594834
0.446 -0.761517 -0.2627 0.588647 -0.757008 -0.279092 0.592982
0.447 -0.764238 -0.258518 0.58697 -0.759924 -0.274806 0.591158
0.448 -0.76692 -0.254297 0.585319 -0.762797 -0.270471 0.589362
0.449 -0.769562 -0.250039 0.583694 -0.765624 -0.266088 0.587594
0.45 -0.772165 -0.245743 0.582096 -0.768407 -0.261657 0.585855
0.451 -0.774727 -0.241412 0.580524 -0.771144 -0.257179 0.584144
0.452 -0.777249 -0.237046 0.578978 -0.773835 -0.252655 0.582463
0.453 -0.779729 -0.232644 0.57746 -0.77648 -0.248087 0.58081
0.454 -0.782168 -0.228209 0.575969 -0.779079 -0.243474 0.579187
0.455 -0.784565 -0.223741 0.574505 -0.78163 -0.238819 0.577593
0.456 -0.786919 -0.21924 0.573068 -0.784135 -0.234121 0.576029
0.457 -0.789231 -0.214707 0.57166 -0.786591 -0.229383 0.574496
0.458 -0.791498 -0.210144 0.570279 -0.788999 -0.224604 0.572992
0.459 -0.793722 -0.20555 0.568927 -0.791359 -0.219786 0.57152
0.46 -0.795902 -0.200926 0.567603 -0.793669 -0.21493 0.570077
0.461 -0.798036 -0.196273 0.566307 -0.79593 -0.210036 0.568666
0.462 -0.800126 -0.191593 0.565041 -0.798142 -0.205106 0.567287
0.463 -0.802169 -0.186885 0.563803 -0.800303 -0.200141 0.565938
0.464 -0.804167 -0.18215 0.562595 -0.802414 -0.195141 0.564622
0.465 -0.806117 -0.177389 0.561416 -0.804474 -0.190107 0.563337
0.466 -0.808021 -0.172603 0.560266 -0.806483 -0.185041 0.562084
0.467 -0.809877 -0.167793 0.559147 -0.80844 -0.179943 0.560864
0.468 -0.811685 -0.162958 0.558057 -0.810345 -0.174814 0.559677
0.469 -0.813445 -0.158101 0.556998 -0.812197 -0.169655 0.558522
0.47 -0.815156 -0.153221 0.55597 -0.813997 -0.164467 0.5574
0.471 -0.816817 -0.148319 0.554971 -0.815743 -0.159251 0.556312
0.472 -0.818428 -0.143397 0.554004 -0.817436 -0.154008 0.555258
0.473 -0.81999 -0.138454 0.553068 -0.819075 -0.148739 0.554237
0.474 -0.8215 -0.133492 0.552164 -0.820659 -0.143445 0.55325
0.475 -0.822959 -0.128511 0.55129 -0.822189 -0.138126 0.552297
0.476 -0.824367 -0.123512 0.550449 -0.823663 -0.132784 0.551379
0.477 -0.825723 -0.118496 0.549639 -0.825082 -0.12742 0.550496
0.478 -0.827026 -0.113463 0.548861 -0.826444 -0.122034 0.549648
0.479 -0.828275 -0.108414 0.548116 -0.827751 -0.116628 0.548835
0.48 -0.829472 -0.10335 0.547404 -0.829 -0.111202 0.548057
0.481 -0.830614 -0.098272 0.546724 -0.830193 -0.105757 0.547315
0.482 -0.831703 -0.0931799 0.546077 -0.831327 -0.100294 0.546609
0.483 -0.832736 -0.0880748 0.545463 -0.832404 -0.0948151 0.545939
0.484 -0.833714 -0.0829575 0.544883 -0.833423 -0.08932 0.545305
0.485 -0.834636 -0.0778286 0.544336 -0.834383 -0.0838099 0.544708
0.486 -0.835502 -0.0726889 0.543823 -0.835284 -0.0782857 0.544148
0.487 -0.836312 -0.067539 0.543343 -0.836125 -0.0727486 0.543625
0.488 -0.837064 -0.0623798 0.542899 -0.836907 -0.0671992 0.543139
0.489 -0.837759 -0.0572119 0.542488 -0.837628 -0.0616387 0.54269
0.49 -0.838395 -0.0520361 0.542112 -0.838288 -0.0560678 0.54228
0.491 -0.838974 -0.0468531 0.541771 -0.838888 -0.0504877 0.541907
0.492 -0.839493 -0.0416635 0.541465 -0.839426 -0.0448991 0.541573
0.493 -0.839953 -0.0364682 0.541194 -0.839902 -0.0393031 0.541277
0.494 -0.840353 -0.0312679 0.540959 -0.840316 -0.0337005 0.54102
0.495 -0.840693 -0.0260632 0.540759 -0.840667 -0.0280923 0.540802
0.496 -0.840972 -0.0208549 0.540595 -0.840956 -0.0224795 0.540622
0.497 -0.841189 -0.0156437 0.540467 -0.84118 -0.0168629 0.540483
0.498 -0.841346 -0.0104303 0.540376 -0.841342 -0.0112435 0.540383
0.499 -0.84144 -0.00521552 0.540321 -0.841439 -0.0056222 0.540322
0.5 -0.841471 8.88178e-15 0.540302 -0.841471 3.55271e-14 0.540302
0.501 -0.84144 0.00521552 0.540321 -0.841439 0.0056222 0.540322
0.502 -0.841346 0.0104303 0.540376 -0.841342 0.0112435 0.540383
0.503 -0.841189 0.0156437 0.540467 -0.84118 0.0168629 0.540483
0.504 -0.840972 0.0208549 0.540595 -0.840956 0.0224795 0.540622
0.505 -0.840693 0.0260632 0.540759 -0.840667 0.0280923 0.540802
0.506 -0.840353 0.0312679 0.540959 -0.840316 0.0337005 0.54102
0.507 -0.839953 0.0364682 0.541194 -0.839902 0.0393031 0.541277
0.508 -0.839493 0.0416635 0.541465 -0.839426 0.0448991 0.541573
0.509 -0.838974 0.0468531 0.541771 -0.838888 0.0504877 0.541907
0.51 -0.838395 0.0520361 0.542112 -0.838288 0.0560678 0.54228
0.511 -0.837759 0.0572119 0.542488 -0.837628 0.0616387 0.54269
0.512 -0.837064 0.0623798 0.542899 -0.836907 0.0671992 0.543139
0.513 -0.836312 0.067539 0.543343 -0.836125 0.0727486 0.543625
0.514 -0.835502 0.0726889 0.543823 -0.835284 0.0782857 0.544148
0.515 -0.834636 0.0778286 0.544336 -0.834383 0.0838099 0.544708
0.516 -0.833714 0.0829575 0.544883 -0.833423 0.08932 0.545305
0.517 -0.832736 0.0880748 0.545463 -0.832404 0.0948151 0.545939
0.518 -0.831703 0.0931799 0.546077 -0.831327 0.100294 0.546609
0.519 -0.830614 0.098272 0.546724 -0.830193 0.105757 0.547315
0.52 -0.829472 0.10335 0.547404 -0.829 0.111202 0.548057
0.521 -0.828275 0.108414 0.548116 -0.827751 0.116628 0.548835
0.522 -0.827026 0.113463 0.548861 -0.826444 0.122034 0.549648
0.523 -0.825723 0.118496 0.549639 -0.825082 0.12742 0.550496
0.524 -0.824367 0.123512 0.550449 -0.823663 0.132784 0.551379
0.525 -0.822959 0.128511 0.55129 -0.822189 0.138126 0.552297
0.526 -0.8215 0.133492 0.552164 -0.820659 0.143445 0.55325
0.527 -0.81999 0.138454 0.553068 -0.819075 0.148739 0.554237
0.528 -0.818428 0.143397 0.554004 -0.817436 0.154008 0.555258
0.529 -0.816817 0.148319 0.554971 -0.815743 0.159251 0.556312
0.53 -0.815156 0.153221 0.55597 -0.813997 0.164467 0.5574
0.531 -0.813445 0.158101 0.556998 -0.812197 0.169655 0.558522
0.532 -0.811685 0.162958 0.558057 -0.810345 0.174814 0.559677
0.533 -0.809877 0.167793 0.559147 -0.80844 0.179943 0.560864
0.534 -0.808021 0.172603 0.560266 -0.806483 0.185041 0.562084
0.535 -0.806117 0.177389 0.561416 -0.804474 0.190107 0.563337
0.536 -0.804167 0.18215 0.562595 -0.802414 0.195141 0.564622
0.537 -0.802169 0.186885 0.563803 -0.800303 0.200141 0.565938
0.538 -0.800126 0.191593 0.565041 -0.798142 0.205106 0.567287
0.539 -0.798036 0.196273 0.566307 -0.79593 0.210036 0.568666
0.54 -0.795902 0.200926 0.567603 -0.793669 0.21493 0.570077
0.541 -0.793722 0.20555 0.568927 -0.791359 0.219786 0.57152
0.542 -0.791498 0.210144 0.570279 -0.788999 0.224604 0.572992
0.543 -0.789231 0.214707 0.57166 -0.786591 0.229383 0.574496
0.544 -0.786919 0.21924 0.573068 -0.784135 0.234121 0.576029
0.545 -0.784565 0.223741 0.574505 -0.78163 0.238819 0.577593
0.546 -0.782168 0.228209 0.575969 -0.779079 0.243474 0.579187
0.547 -0.779729 0.232644 0.57746 -0.77648 0.248087 0.58081
0.548 -0.777249 0.237046 0.578978 -0.773835 0.252655 0.582463
0.549 -0.774727 0.241412 0.580524 -0.771144 0.257179 0.584144
0.55 -0.772165 0.245743 0.582096 -0.768407 0.261657 0.585855
0.551 -0.769562 0.250039 0.583694 -0.765624 0.266088 0.587594
0.552 -0.76692 0.254297 0.585319 -0.762797 0.270471 0.589362
0.553 -0.764238 0.258518 0.58697 -0.759924 0.274806 0.591158
0.554 -0.761517 0.2627 0.588647 -0.757008 0.279092 0.592982
0.555 -0.758758 0.266844 0.59035 -0.754047 0.283327 0.594834
0.556 -0.75596 0.270948 0.592078 -0.751043 0.28751 0.596713
0.557 -0.753125 0.275011 0.593832 -0.747996 0.291642 0.598619
0.558 -0.750254 0.279034 0.59561 -0.744906 0.29572 0.600553
0.559 -0.747345 0.283014 0.597414 -0.741774 0.299744 0.602513
0.56 -0.7444 0.286952 0.599242 -0.7386 0.303712 0.6045
0.561 -0.74142 0.290846 0.601094 -0.735385 0.307625 0.606513
0.562 -0.738404 0.294697 0.602971 -0.732128 0.311481 0.608553
0.563 -0.735354 0.298503 0.604872 -0.72883 0.315279 0.610618
0.564 -0.732269 0.302263 0.606796 -0.725493 0.319018 0.612709
0.565 -0.72915 0.305977 0.608745 -0.722115 0.322697 0.614825
0.566 -0.725998 0.309644 0.610716 -0.718697 0.326315 0.616967
0.567 -0.722812 0.313264 0.612711 -0.715241 0.329872 0.619133
0.568 -0.719595 0.316835 0.614729 -0.711745 0.333366 0.621324
0.569 -0.716345 0.320357 0.61677 -0.708212 0.336797 0.62354
0.57 -0.713063 0.323829 0.618833 -0.70464 0.340163 0.62578
0.571 -0.70975 0.327251 0.620919 -0.70103 0.343464 0.628044
0.572 -0.706407 0.330621 0.623027 -0.697383 0.346699 0.630331
0.573 -0.703033 0.33394 0.625157 -0.6937 0.349866 0.632642
0.574 -0.69963 0.337205 0.627308 -0.68998 0.352965 0.634977
0.575 -0.696197 0.340418 0.629481 -0.686224 0.355995 0.637335
0.576 -0.692735 0.343576 0.631676 -0.682432 0.358955 0.639715
0.577 -0.689245 0.346679 0.633892 -0.678605 0.361844 0.642118
0.578 -0.685727 0.349727 0.636128 -0.674743 0.364661 0.644543
0.579 -0.682181 0.352719 0.638386 -0.670846 0.367405 0.646991
0.58 -0.678608 0.355653 0.640663 -0.666915 0.370075 0.649461
0.581 -0.675009 0.35853 0.642962 -0.662951 0.372671 0.651952
0.582 -0.671383 0.361348 0.64528 -0.658953 0.375191 0.654464
0.583 -0.667732 0.364107 0.647618 -0.654923 0.377634 0.656998
0.584 -0.664056 0.366806 0.649976 -0.650859 0.38 0.659553
0.585 -0.660354 0.369445 0.652353 -0.646764 0.382287 0.662129
0.586 -0.656628 0.372022 0.65475 -0.642637 0.384495 0.664725
0.587 -0.652879 0.374537 0.657165 -0.638478 0.386623 0.667341
0.588 -0.649106 0.376989 0.6596 -0.634288 0.388669 0.669978
0.589 -0.64531 0.379378 0.662053 -0.630068 0.390633 0.672634
0.59 -0.641491 0.381703 0.664525 -0.625818 0.392514 0.67531
0.591 -0.63765 0.383962 0.667015 -0.621537 0.394311 0.678005
0.592 -0.633788 0.386156 0.669522 -0.617228 0.396023 0.68072
0.593 -0.629905 0.388283 0.672048 -0.612889 0.397649 0.683453
0.594 -0.626001 0.390344 0.674592 -0.608522 0.399188 0.686205
0.595 -0.622076 0.392336 0.677152 -0.604126 0.40064 0.688975
0.596 -0.618132 0.39426 0.67973 -0.599702 0.402002 0.691763
0.597 -0.614169 0.396115 0.682325 -0.595251 0.403276 0.69457
0.598 -0.610186 0.397899 0.684937 -0.590774 0.404462 0.697393
0.599 -0.606185 0.399613 0.687565 -0.586271 0.405561 0.700233
0.6 -0.602166 0.401255 0.69021 -0.581743 0.406573 0.70309
0.601 -0.59813 0.402826 0.692871 -0.577191 0.4075 0.705962
0.602 -0.594076 0.404324 0.695547 -0.572615 0.408341 0.708848
0.603 -0.590006 0.405751 0.698239 -0.568017 0.409099 0.71175
0.604 -0.58592 0.407106 0.700945 -0.563397 0.409773 0.714665
0.605 -0.581817 0.408391 0.703666 -0.558755 0.410365 0.717594
0.606 -0.577699 0.409604 0.7064 -0.554094 0.410874 0.720535
0.607 -0.573565 0.410747 0.709147 -0.549412 0.411303 0.723489
0.608 -0.569417 0.41182 0.711907 -0.544712 0.411651 0.726455
0.609 -0.565255 0.412823 0.714679 -0.539994 0.41192 0.729431
0.61 -0.561078 0.413756 0.717463 -0.535259 0.41211 0.732418
0.611 -0.556888 0.41462 0.720258 -0.530508 0.412222 0.735416
0.612 -0.552684 0.415415 0.723064 -0.52574 0.412257 0.738423
0.613 -0.548468 0.416141 0.725879 -0.520958 0.412215 0.741438
0.614 -0.544239 0.416798 0.728705 -0.516161 0.412098 0.744463
0.615 -0.539998 0.417387 0.731539 -0.511351 0.411905 0.747495
0.616 -0.535746 0.417908 0.734382 -0.506529 0.411639 0.750534
0.617 -0.531482 0.418362 0.737233 -0.501694 0.411299 0.753581
0.618 -0.527207 0.418748 0.740092 -0.496849 0.410886 0.756633
0.619 -0.522922 0.419066 0.742958 -0.491993 0.410402 0.759691
0.62 -0.518627 0.419318 0.745831 -0.487128 0.409846 0.762754
0.621 -0.514321 0.419504 0.74871 -0.482254 0.40922 0.765822
0.622 -0.510007 0.419623 0.751594 -0.477372 0.408524 0.768894
0.623 -0.505683 0.419676 0.754483 -0.472483 0.40776 0.771969
0.624 -0.501351 0.419663 0.757378 -0.467587 0.406927 0.775047
0.625 -0.497011 0.419585 0.760276 -0.462686 0.406028 0.778128
0.626 -0.492663 0.419441 0.763178 -0.457779 0.405061 0.78121
0.627 -0.488308 0.419233 0.766083 -0.452869 0.404029 0.784294
0.628 -0.483945 0.41896 0.76899 -0.447955 0.402932 0.787378
0.629 -0.479576 0.418623 0.7719 -0.443039 0.401771 0.790462
0.63 -0.475201 0.418221 0.774811 -0.438121 0.400546 0.793546
0.631 -0.47082 0.417756 0.777723 -0.433202 0.399258 0.796629
0.632 -0.466433 0.417227 0.780636 -0.428282 0.397909 0.799711
0.633 -0.462042 0.416635 0.783549 -0.423363 0.396498 0.802791
0.634 -0.457645 0.41598 0.786462 -0.418445 0.395027 0.805868
0.635 -0.453245 0.415263 0.789374 -0.41353 0.393496 0.808941
0.636 -0.44884 0.414483 0.792284 -0.408617 0.391907 0.812011
0.637 -0.444432 0.41364 0.795193 -0.403708 0.390259 0.815077
0.638 -0.440021 0.412736 0.798099 -0.398803 0.388554 0.818138
0.639 -0.435607 0.411771 0.801002 -0.393903 0.386792 0.821194
0.64 -0.431191 0.410744 0.803901 -0.389009 0.384975 0.824244
0.641 -0.426772 0.409656 0.806797 -0.384122 0.383102 0.827287
0.642 -0.422353 0.408508 0.809688 -0.379242 0.381175 0.830324
0.643 -0.417932 0.407299 0.812575 -0.374371 0.379195 0.833353
0.644 -0.41351 0.40603 0.815456 -0.369508 0.377162 0.836373
0.645 -0.409088 0.404701 0.818331 -0.364655 0.375077 0.839385
0.646 -0.404665 0.403312 0.8212 -0.359813 0.372941 0.842388
0.647 -0.400244 0.401864 0.824061 -0.354982 0.370754 0.845381
0.648 -0.395823 0.400357 0.826916 -0.350163 0.368518 0.848364
0.649 -0.391403 0.398791 0.829762 -0.345357 0.366232 0.851336
0.65 -0.386984 0.397167 0.8326 -0.340565 0.363899 0.854297
0.651 -0.382568 0.395485 0.835429 -0.335787 0.361518 0.857245
0.652 -0.378154 0.393744 0.838248 -0.331024 0.35909 0.860181
0.653 -0.373743 0.391946 0.841058 -0.326277 0.356617 0.863104
0.654 -0.369334 0.390091 0.843857 -0.321547 0.354098 0.866014
0.655 -0.36493 0.388178 0.846645 -0.316834 0.351535 0.868909
0.656 -0.360529 0.386209 0.849422 -0.312139 0.348929 0.87179
0.657 -0.356132 0.384183 0.852186 -0.307464 0.34628 0.874655
0.658 -0.35174 0.382101 0.854939 -0.302808 0.343588 0.877504
0.659 -0.347353 0.379963 0.857678 -0.298173 0.340856 0.880337
0.66 -0.342972 0.377769 0.860404 -0.293559 0.338083 0.883154
0.661 -0.338596 0.37552 0.863116 -0.288967 0.33527 0.885952
0.662 -0.334227 0.373216 0.865813 -0.284398 0.332418 0.888733
0.663 -0.329864 0.370857 0.868496 -0.279853 0.329528 0.891495
0.664 -0.325508 0.368443 0.871163 -0.275332 0.326601 0.894238
0.665 -0.32116 0.365975 0.873814 -0.270837 0.323637 0.896962
0.666 -0.316819 0.363453 0.876448 -0.266367 0.320637 0.899665
0.667 -0.312487 0.360877 0.879066 -0.261924 0.317601 0.902347
0.668 -0.308163 0.358248 0.881666 -0.257509 0.314532 0.905008
0.669 -0.303848 0.355566 0.884248 -0.253122 0.311429 0.907648
0.67 -0.299542 0.352831 0.886811 -0.248764 0.308293 0.910264
0.671 -0.295246 0.350043 0.889356 -0.244435 0.305125 0.912858
0.672 -0.29096 0.347202 0.891881 -0.240138 0.301925 0.915428
0.673 -0.286685 0.34431 0.894386 -0.235871 0.298695 0.917975
0.674 -0.282421 0.341366 0.896871 -0.231637 0.295435 0.920496
0.675 -0.278167 0.338371 0.899335 -0.227436 0.292146 0.922993
0.676 -0.273926 0.335324 0.901777 -0.223268 0.288829 0.925463
0.677 -0.269696 0.332226 0.904197 -0.219135 0.285485 0.927908
0.678 -0.265479 0.329078 0.906594 -0.215037 0.282113 0.930326
0.679 -0.261275 0.325879 0.908969 -0.210975 0.278716 0.932716
0.68 -0.257084 0.32263 0.91132 -0.20695 0.275294 0.935078
0.681 -0.252907 0.319332 0.913647 -0.202963 0.271847 0.937412
0.682 -0.248744 0.315984 0.91595 -0.199013 0.268376 0.939717
0.683 -0.244595 0.312586 0.918228 -0.195103 0.264883 0.941992
0.684 -0.24046 0.30914 0.92048 -0.191233 0.261367 0.944237
0.685 -0.236341 0.305645 0.922706 -0.187403 0.25783 0.946451
0.686 -0.232238 0.302101 0.924905 -0.183615 0.254273 0.948635
0.687 -0.228151 0.29851 0.927078 -0.179868 0.250695 0.950786
0.688 -0.224079 0.29487 0.929223 -0.176165 0.247099 0.952905
0.689 -0.220025 0.291183 0.93134 -0.172505 0.243484 0.954991
0.69 -0.215988 0.287449 0.933428 -0.168888 0.239851 0.957045
0.691 -0.211968 0.283667 0.935488 -0.165313 0.2362 0.959066
0.692 -0.207966 0.279839 0.937517 -0.161779 0.232532 0.961053
0.693 -0.203982 0.275964 0.939517 -0.158286 0.228846 0.963008
0.694 -0.200017 0.272044 0.941487 -0.154833 0.225144 0.96493
0.695 -0.196071 0.268077 0.943425 -0.151419 0.221425 0.966819
0.696 -0.192145 0.264065 0.945332 -0.148043 0.21769 0.968675
0.697 -0.188238 0.260007 0.947206 -0.144705 0.213938 0.970497
0.698 -0.184352 0.255904 0.949048 -0.141404 0.210171 0.972287
0.699 -0.180486 0.251757 0.950857 -0.13814 0.206389 0.974044
0.7 -0.176641 0.247565 0.952633 -0.134911 0.202592 0.975768
0.701 -0.172818 0.243328 0.954375 -0.131716 0.198779 0.977458
0.702 -0.169015 0.239049 0.956082 -0.128556 0.194953 0.979115
0.703 -0.165233 0.234727 0.957755 -0.125429 0.191112 0.98074
0.704 -0.161471 0.230363 0.959395 -0.122335 0.187257 0.98233
0.705 -0.157729 0.225959 0.961 -0.119273 0.183388 0.983888
0.706 -0.154005 0.221515 0.96257 -0.116242 0.179506 0.985413
0.707 -0.1503 0.217032 0.964107 -0.113241 0.175611 0.986904
0.708 -0.146614 0.212511 0.965609 -0.11027 0.171704 0.988361
0.709 -0.142945 0.207953 0.967077 -0.107328 0.167783 0.989786
0.71 -0.139293 0.203359 0.968511 -0.104415 0.163851 0.991177
0.711 -0.135658 0.198729 0.96991 -0.101529 0.159907 0.992535
0.712 -0.132039 0.194065 0.971274 -0.0986697 0.155951 0.993859
0.713 -0.128437 0.189367 0.972605 -0.0958366 0.151984 0.99515
0.714 -0.124849 0.184636 0.973901 -0.093029 0.148006 0.996407
0.715 -0.121277 0.179874 0.975162 -0.090246 0.144018 0.997631
0.716 -0.117719 0.17508 0.976389 -0.087487 0.140019 0.998821
0.717 -0.114175 0.170257 0.977581 -0.0847512 0.13601 0.999978
0.718 -0.110645 0.165404 0.978738 -0.0820379 0.131991 1.0011
0.719 -0.107128 0.160523 0.979861 -0.0793463 0.127963 1.00219
0.72 -0.103623 0.155615 0.980949 -0.0766758 0.123925 1.00325
0.721 -0.100131 0.15068 0.982003 -0.0740257 0.119879 1.00427
0.722 -0.0966499 0.145719 0.983021 -0.0713951 0.115824 1.00526
0.723 -0.0931804 0.140734 0.984005 -0.0687834 0.111761 1.00621
0.724 -0.0897218 0.135725 0.984954 -0.0661898 0.10769 1.00713
0.725 -0.0862734 0.130693 0.985868 -0.0636136 0.103611 1.00802
0.726 -0.0828349 0.125638 0.986748 -0.0610542 0.0995243 1.00887
0.727 -0.0794059 0.120563 0.987592 -0.0585107 0.0954309 1.00969
0.728 -0.0759858 0.115467 0.988401 -0.0559825 0.0913306 1.01048
0.729 -0.0725741 0.110351 0.989176 -0.0534687 0.0872238 1.01123
0.73 -0.0691705 0.105217 0.989915 -0.0509688 0.0831108 1.01195
0.731 -0.0657745 0.100066 0.99062 -0.048482 0.0789918 1.01263
0.732 -0.0623855 0.0948974 0.991289 -0.0460075 0.0748673 1.01328
0.733 -0.0590032 0.089713 0.991923 -0.0435446 0.0707373 1.0139
0.734 -0.0556271 0.0845136 0.992522 -0.0410926 0.0666024 1.01448
0.735 -0.0522567 0.0793001 0.993086 -0.0386508 0.0624627 1.01503
0.736 -0.0488915 0.0740733 0.993614 -0.0362184 0.0583186 1.01554
0.737 -0.0455312 0.0688341 0.994108 -0.0337948 0.0541703 1.01602
0.738 -0.0421752 0.0635834 0.994566 -0.0313791 0.0500182 1.01647
0.739 -0.038823 0.058322 0.994988 -0.0289707 0.0458625 1.01688
0.74 -0.0354743 0.053051 0.995375 -0.0265689 0.0417035 1.01726
0.741 -0.0321285 0.0477711 0.995727 -0.0241729 0.0375416 1.0176
0.742 -0.0287852 0.0424832 0.996044 -0.021782 0.0333771 1.01791
0.743 -0.025444 0.0371883 0.996325 -0.0193955 0.0292101 1.01819
0.744 -0.0221043 0.0318872 0.99657 -0.0170126 0.0250411 1.01843
0.745 -0.0187657 0.0265808 0.99678 -0.0146326 0.0208703 1.01863
0.746 -0.0154278 0.0212699 0.996955 -0.0122549 0.016698 1.0188
0.747 -0.0120901 0.0159555 0.997094 -0.00987858 0.0125245 1.01894
0.748 -0.00875203 0.0106385 0.997197 -0.00750305 0.00835019 1.01905
0.749 -0.00541328 0.00531969 0.997264 -0.00512753 0.00417524 1.01911
0.75 -0.00207332 7.68274e-14 0.997296 -0.00275131 6.10623e-15 1.01915
0.751 0.00126829 -0.00531969 0.997292 -0.000373672 -0.00417524 1.01915
0.752 0.00461202 -0.0106385 0.997253 0.00200612 -0.00835019 1.01911
0.753 0.00795834 -0.0159555 0.997177 0.00438879 -0.0125245 1.01904
0.754 0.0113077 -0.0212699 0.997066 0.00677505 -0.016698 1.01894
0.755 0.0146606 -0.0265808 0.996919 0.00916565 -0.0208703 1.0188
0.756 0.0180174 -0.0318872 0.996736 0.0115613 -0.0250411 1.01863
0.757 0.0213786 -0.0371883 0.996517 0.0139627 -0.0292101 1.01842
0.758 0.0247448 -0.0424832 0.996262 0.0163706 -0.0333771 1.01818
0.759 0.0281162 -0.0477711 0.995971 0.0187858 -0.0375416 1.0179
0.76 0.0314935 -0.053051 0.995644 0.0212088 -0.0417035 1.01759
0.761 0.0348771 -0.058322 0.995281 0.0236406 -0.0458625 1.01725
0.762 0.0382674 -0.0635834 0.994882 0.0260818 -0.0500182 1.01687
0.763 0.0416649 -0.0688341 0.994446 0.0285331 -0.0541703 1.01645
0.764 0.04507 -0.0740733 0.993975 0.0309952 -0.0583186 1.016
0.765 0.0484832 -0.0793001 0.993467 0.0334689 -0.0624627 1.01551
0.766 0.0519051 -0.0845136 0.992923 0.0359549 -0.0666024 1.01499
0.767 0.0553359 -0.089713 0.992343 0.0384539 -0.0707373 1.01444
0.768 0.0587763 -0.0948974 0.991727 0.0409667 -0.0748673 1.01385
0.769 0.0622266 -0.100066 0.991074 0.043494 -0.0789918 1.01322
0.77 0.0656873 -0.105217 0.990385 0.0460364 -0.0831108 1.01256
0.771 0.0691589 -0.110351 0.989659 0.0485948 -0.0872238 1.01187
0.772 0.0726419 -0.115467 0.988897 0.0511698 -0.0913306 1.01114
0.773 0.0761367 -0.120563 0.988099 0.0537622 -0.0954309 1.01037
0.774 0.0796437 -0.125638 0.987264 0.0563727 -0.0995243 1.00957
0.775 0.0831634 -0.130693 0.986392 0.059002 -0.103611 1.00874
0.776 0.0866964 -0.135725 0.985484 0.0616508 -0.10769 1.00787
0.777 0.0902429 -0.140734 0.98454 0.0643199 -0.111761 1.00696
0.778 0.0938036 -0.145719 0.983558 0.0670101 -0.115824 1.00602
0.779 0.0973789 -0.15068 0.98254 0.0697219 -0.119879 1.00505
0.78 0.100969 -0.155615 0.981486 0.0724562 -0.123925 1.00403
0.781 0.104575 -0.160523 0.980394 0.0752136 -0.127963 1.00299
0.782 0.108197 -0.165404 0.979266 0.077995 -0.131991 1.00191
0.783 0.111835 -0.170257 0.978101 0.080801 -0.13601 1.00079
0.784 0.11549 -0.17508 0.976899 0.0836323 -0.140019 0.999636
0.785 0.119162 -0.179874 0.975661 0.0864897 -0.144018 0.998449
0.786 0.122852 -0.184636 0.974385 0.0893739 -0.148006 0.997226
0.787 0.126561 -0.189367 0.973072 0.0922856 -0.151984 0.995967
0.788 0.130288 -0.194065 0.971723 0.0952255 -0.155951 0.994673
0.789 0.134034 -0.198729 0.970336 0.0981944 -0.159907 0.993344
0.79 0.1378 -0.203359 0.968913 0.101193 -0.163851 0.991979
0.791 0.141586 -0.207953 0.967452 0.104222 -0.167783 0.990578
0.792 0.145393 -0.212511 0.965955 0.107282 -0.171704 0.989142
0.793 0.14922 -0.217032 0.96442 0.110374 -0.175611 0.987671
0.794 0.15307 -0.221515 0.962848 0.113499 -0.179506 0.986163
0.795 0.156941 -0.225959 0.961238 0.116657 -0.183388 0.98462
0.796 0.160834 -0.230363 0.959592 0.119849 -0.187257 0.983042
0.797 0.16475 -0.234727 0.957908 0.123076 -0.191112 0.981428
0.798 0.16869 -0.239049 0.956187 0.126338 -0.194953 0.979778
0.799 0.172654 -0.243328 0.954429 0.129636 -0.198779 0.978092
0.8 0.176641 -0.247565 0.952633 0.132972 -0.202592 0.976371
0.801 0.180654 -0.251757 0.9508 0.136345 -0.206389 0.974613
0.802 0.18469 -0.255904 0.94893 0.139756 -0.210171 0.97282
0.803 0.18875 -0.260007 0.947024 0.143207 -0.213938 0.970992
0.804 0.192833 -0.264065 0.945083 0.146697 -0.21769 0.969127
0.805 0.196938 -0.268077 0.943106 0.150228 -0.221425 0.967226
0.806 0.201065 -0.272044 0.941096 0.153801 -0.225144 0.965289
0.807 0.205213 -0.275964 0.939052 0.157415 -0.228846 0.963317
0.808 0.209382 -0.279839 0.936974 0.161072 -0.232532 0.961308
0.809 0.213571 -0.283667 0.934865 0.164773 -0.2362 0.959264
0.81 0.217779 -0.287449 0.932724 0.168517 -0.239851 0.957183
0.811 0.222006 -0.291183 0.930552 0.172307 -0.243484 0.955067
0.812 0.226251 -0.29487 0.928349 0.176142 -0.247099 0.952914
0.813 0.230514 -0.29851 0.926117 0.180024 -0.250695 0.950725
0.814 0.234794 -0.302101 0.923855 0.183951 -0.254273 0.948501
0.815 0.239091 -0.305645 0.921566 0.187922 -0.25783 0.946242
0.816 0.243403 -0.30914 0.919248 0.191938 -0.261367 0.943949
0.817 0.247731 -0.312586 0.916903 0.195995 -0.264883 0.941622
0.818 0.252073 -0.315984 0.914531 0.200095 -0.268376 0.939263
0.819 0.25643 -0.319332 0.912133 0.204235 -0.271847 0.936872
0.82 0.2608 -0.32263 0.909711 0.208415 -0.275294 0.934449
0.821 0.265183 -0.325879 0.907263 0.212634 -0.278716 0.931996
0.822 0.269578 -0.329078 0.904791 0.21689 -0.282113 0.929514
0.823 0.273985 -0.332226 0.902296 0.221183 -0.285485 0.927002
0.824 0.278403 -0.335324 0.899779 0.225512 -0.288829 0.924461
0.825 0.282832 -0.338371 0.897239 0.229875 -0.292146 0.921893
0.826 0.287271 -0.341366 0.894677 0.234272 -0.295435 0.919298
0.827 0.29172 -0.34431 0.892095 0.238702 -0.298695 0.916676
0.828 0.296177 -0.347202 0.889492 0.243164 -0.301925 0.914029
0.829 0.300642 -0.350043 0.88687 0.247656 -0.305125 0.911357
0.83 0.305115 -0.352831 0.884229 0.252178 -0.308293 0.908661
0.831 0.309595 -0.355566 0.88157 0.256729 -0.311429 0.905941
0.832 0.314082 -0.358248 0.878893 0.261308 -0.314532 0.903198
0.833 0.318574 -0.360877 0.876199 0.265913 -0.317601 0.900434
0.834 0.323072 -0.363453 0.873488 0.270545 -0.320637 0.897648
0.835 0.327575 -0.365975 0.870762 0.275201 -0.323637 0.894841
0.836 0.332081 -0.368443 0.86802 0.279881 -0.326601 0.892014
0.837 0.336591 -0.370857 0.865265 0.284584 -0.329528 0.889168
0.838 0.341105 -0.373216 0.862495 0.289309 -0.332418 0.886304
0.839 0.34562 -0.37552 0.859712 0.294055 -0.33527 0.883422
0.84 0.350137 -0.377769 0.856916 0.29882 -0.338083 0.880522
0.841 0.354656 -0.379963 0.854109 0.303605 -0.340856 0.877606
0.842 0.359175 -0.382101 0.85129 0.308407 -0.343588 0.874675
0.843 0.363694 -0.384183 0.84846 0.313227 -0.34628 0.871728
0.844 0.368212 -0.386209 0.845621 0.318062 -0.348929 0.868767
0.845 0.372729 -0.388178 0.842772 0.322912 -0.351535 0.865792
0.846 0.377245 -0.390091 0.839914 0.327777 -0.354098 0.862805
0.847 0.381758 -0.391946 0.837048 0.332654 -0.356617 0.859805
0.848 0.386268 -0.393744 0.834175 0.337543 -0.35909 0.856794
0.849 0.390775 -0.395485 0.831294 0.342443 -0.361518 0.853772
0.85 0.395278 -0.397167 0.828408 0.347353 -0.363899 0.85074
0.851 0.399776 -0.398791 0.825516 0.352273 -0.366232 0.847698
0.852 0.404268 -0.400357 0.822619 0.3572 -0.368518 0.844648
0.853 0.408755 -0.401864 0.819717 0.362134 -0.370754 0.84159
0.854 0.413235 -0.403312 0.816812 0.367075 -0.372941 0.838525
0.855 0.417709 -0.404701 0.813904 0.37202 -0.375077 0.835453
0.856 0.422174 -0.40603 0.810994 0.37697 -0.377162 0.832375
0.857 0.426631 -0.407299 0.808082 0.381922 -0.379195 0.829292
0.858 0.43108 -0.408508 0.805168 0.386877 -0.381175 0.826205
0.859 0.435519 -0.409656 0.802254 0.391833 -0.383102 0.823114
0.86 0.439948 -0.410744 0.799341 0.396789 -0.384975 0.82002
0.861 0.444367 -0.411771 0.796428 0.401744 -0.386792 0.816923
0.862 0.448774 -0.412736 0.793516 0.406697 -0.388554 0.813825
0.863 0.45317 -0.41364 0.790607 0.411648 -0.390259 0.810726
0.864 0.457553 -0.414483 0.7877 0.416594 -0.391907 0.807627
0.865 0.461923 -0.415263 0.784796 0.421536 -0.393496 0.804528
0.866 0.46628 -0.41598 0.781897 0.426472 -0.395027 0.801431
0.867 0.470623 -0.416635 0.779002 0.431401 -0.396498 0.798336
0.868 0.474951 -0.417227 0.776112 0.436322 -0.397909 0.795243
0.869 0.479264 -0.417756 0.773228 0.441235 -0.399258 0.792153
0.87 0.483561 -0.418221 0.770351 0.446138 -0.400546 0.789068
0.871 0.487841 -0.418623 0.767481 0.45103 -0.401771 0.785987
0.872 0.492104 -0.41896 0.764618 0.45591 -0.402932 0.782912
0.873 0.49635 -0.419233 0.761764 0.460778 -0.404029 0.779842
0.874 0.500578 -0.419441 0.758919 0.465632 -0.405061 0.77678
0.875 0.504786 -0.419585 0.756084 0.470471 -0.406028 0.773725
0.876 0.508975 -0.419663 0.753259 0.475295 -0.406927 0.770679
0.877 0.513145 -0.419676 0.750445 0.480102 -0.40776 0.767641
0.878 0.517293 -0.419623 0.747643 0.484891 -0.408524 0.764614
0.879 0.521421 -0.419504 0.744852 0.489661 -0.40922 0.761596
0.88 0.525527 -0.419318 0.742075 0.494412 -0.409846 0.75859
0.881 0.52961 -0.419066 0.739311 0.499142 -0.410402 0.755596
0.882 0.53367 -0.418748 0.736561 0.503851 -0.410886 0.752614
0.883 0.537707 -0.418362 0.733827 0.508537 -0.411299 0.749645
0.884 0.54172 -0.417908 0.731107 0.5132 -0.411639 0.74669
0.885 0.545708 -0.417387 0.728404 0.517837 -0.411905 0.74375
0.886 0.549671 -0.416798 0.725717 0.52245 -0.412098 0.740825
0.887 0.553608 -0.416141 0.723047 0.527035 -0.412215 0.737916
0.888 0.557519 -0.415415 0.720396 0.531594 -0.412257 0.735024
0.889 0.561402 -0.41462 0.717763 0.536123 -0.412222 0.732149
0.89 0.565258 -0.413756 0.715149 0.540623 -0.41211 0.729293
0.891 0.569085 -0.412823 0.712555 0.545093 -0.41192 0.726455
0.892 0.572884 -0.41182 0.709982 0.549531 -0.411651 0.723637
0.893 0.576654 -0.410747 0.70743 0.553936 -0.411303 0.720839
0.894 0.580393 -0.409604 0.7049 0.558308 -0.410874 0.718063
0.895 0.584102 -0.408391 0.702392 0.562646 -0.410365 0.715307
0.896 0.587779 -0.407106 0.699907 0.566948 -0.409773 0.712575
0.897 0.591425 -0.405751 0.697445 0.571214 -0.409099 0.709865
0.898 0.595039 -0.404324 0.695008 0.575442 -0.408341 0.707179
0.899 0.598619 -0.402826 0.692596 0.579632 -0.4075 0.704518
0.9 0.602166 -0.401255 0.69021 0.583782 -0.406573 0.701882
0.901 0.605679 -0.399613 0.68785 0.587892 -0.405561 0.699272
0.902 0.609159 -0.397899 0.685515 0.591961 -0.404462 0.696688
0.903 0.612605 -0.396115 0.683207 0.595987 -0.403276 0.694132
0.904 0.616017 -0.39426 0.680924 0.59997 -0.402002 0.691604
0.905 0.619398 -0.392336 0.678666 0.603909 -0.40064 0.689105
0.906 0.622745 -0.390344 0.676432 0.607802 -0.399188 0.686634
0.907 0.626061 -0.388283 0.674224 0.611652 -0.397649 0.684192
0.908 0.629345 -0.386156 0.67204 0.615458 -0.396023 0.681779
0.909 0.632597 -0.383962 0.66988 0.61922 -0.394311 0.679394
0.91 0.635819 -0.381703 0.667744 0.62294 -0.392514 0.677036
0.911 0.639009 -0.379378 0.665632 0.626618 -0.390633 0.674706
0.912 0.64217 -0.376989 0.663542 0.630253 -0.388669 0.672404
0.913 0.6453 -0.374537 0.661476 0.633847 -0.386623 0.670128
0.914 0.648401 -0.372022 0.659433 0.637401 -0.384495 0.667878
0.915 0.651472 -0.369445 0.657413 0.640913 -0.382287 0.665655
0.916 0.654514 -0.366806 0.655414 0.644386 -0.38 0.663458
0.917 0.657528 -0.364107 0.653438 0.647819 -0.377634 0.661287
0.918 0.660514 -0.361348 0.651483 0.651213 -0.375191 0.65914
0.919 0.663471 -0.35853 0.64955 0.654569 -0.372671 0.657019
0.92 0.666401 -0.355653 0.647639 0.657887 -0.370075 0.654923
0.921 0.669303 -0.352719 0.645748 0.661166 -0.367405 0.652851
0.922 0.672179 -0.349727 0.643878 0.664409 -0.364661 0.650803
0.923 0.675028 -0.346679 0.642028 0.667615 -0.361844 0.648779
0.924 0.67785 -0.343576 0.640199 0.670785 -0.358955 0.646779
0.925 0.680647 -0.340418 0.638389 0.673919 -0.355995 0.644801
0.926 0.683418 -0.337205 0.636599 0.677017 -0.352965 0.642847
0.927 0.686164 -0.33394 0.634829 0.680081 -0.349866 0.640915
0.928 0.688885 -0.330621 0.633078 0.683111 -0.346699 0.639005
0.929 0.691582 -0.327251 0.631345 0.686106 -0.343464 0.637118
0.93 0.694254 -0.323829 0.629631 0.689069 -0.340163 0.635252
0.931 0.696902 -0.320357 0.627936 0.691998 -0.336797 0.633408
0.932 0.699527 -0.316835 0.626259 0.694895 -0.333366 0.631584
0.933 0.702129 -0.313264 0.624599 0.69776 -0.329872 0.629781
0.934 0.704708 -0.309644 0.622957 0.700593 -0.326315 0.627999
0.935 0.707264 -0.305977 0.621333 0.703395 -0.322697 0.626237
0.936 0.709798 -0.302263 0.619725 0.706167 -0.319018 0.624495
0.937 0.71231 -0.298503 0.618135 0.708908 -0.315279 0.622772
0.938 0.714801 -0.294697 0.61656 0.71162 -0.311481 0.621069
0.939 0.717271 -0.290846 0.615002 0.714303 -0.307625 0.619384
0.94 0.719719 -0.286952 0.61346 0.716957 -0.303712 0.617719
0.941 0.722148 -0.283014 0.611934 0.719583 -0.299744 0.616071
0.942 0.724556 -0.279034 0.610423 0.722181 -0.29572 0.614441
0.943 0.726944 -0.275011 0.608928 0.724752 -0.291642 0.61283
0.944 0.729313 -0.270948 0.607447 0.727296 -0.28751 0.611235
0.945 0.731663 -0.266844 0.605981 0.729813 -0.283327 0.609658
0.946 0.733995 -0.2627 0.60453 0.732305 -0.279092 0.608097
0.947 0.736307 -0.258518 0.603093 0.734771 -0.274806 0.606553
0.948 0.738602 -0.254297 0.601669 0.737213 -0.270471 0.605025
0.949 0.740879 -0.250039 0.600259 0.73963 -0.266088 0.603513
0.95 0.743138 -0.245743 0.598863 0.742023 -0.261657 0.602017
0.951 0.745381 -0.241412 0.59748 0.744392 -0.257179 0.600536
0.952 0.747606 -0.237046 0.596109 0.746738 -0.252655 0.59907
0.953 0.749816 -0.232644 0.594751 0.749062 -0.248087 0.597618
0.954 0.752009 -0.228209 0.593406 0.751364 -0.243474 0.596181
0.955 0.754187 -0.223741 0.592073 0.753644 -0.238819 0.594758
0.956 0.756349 -0.21924 0.590751 0.755902 -0.234121 0.593348
0.957 0.758496 -0.214707 0.589441 0.758141 -0.229383 0.591952
0.958 0.760629 -0.210144 0.588142 0.760358 -0.224604 0.59057
0.959 0.762747 -0.20555 0.586854 0.762556 -0.219786 0.5892
0.96 0.764851 -0.200926 0.585577 0.764735 -0.21493 0.587842
0.961 0.766942 -0.196273 0.584311 0.766895 -0.210036 0.586497
0.962 0.769019 -0.191593 0.583054 0.769037 -0.205106 0.585163
0.963 0.771084 -0.186885 0.581808 0.771161 -0.200141 0.583842
0.964 0.773136 -0.18215 0.580571 0.773267 -0.195141 0.582531
0.965 0.775175 -0.177389 0.579344 0.775357 -0.190107 0.581232
0.966 0.777203 -0.172603 0.578126 0.777429 -0.185041 0.579943
0.967 0.779219 -0.167793 0.576917 0.779486 -0.179943 0.578664
0.968 0.781223 -0.162958 0.575716 0.781528 -0.174814 0.577396
0.969 0.783217 -0.158101 0.574524 0.783554 -0.169655 0.576138
0.97 0.7852 -0.153221 0.57334 0.785566 -0.164467 0.574888
0.971 0.787173 -0.148319 0.572164 0.787564 -0.159251 0.573649
0.972 0.789136 -0.143397 0.570996 0.789548 -0.154008 0.572417
0.973 0.79109 -0.138454 0.569835 0.791519 -0.148739 0.571195
0.974 0.793034 -0.133492 0.568681 0.793477 -0.143445 0.569981
0.975 0.79497 -0.128511 0.567534 0.795423 -0.138126 0.568774
0.976 0.796896 -0.123512 0.566393 0.797357 -0.132784 0.567576
0.977 0.798815 -0.118496 0.565258 0.79928 -0.12742 0.566384
0.978 0.800726 -0.113463 0.56413 0.801192 -0.122034 0.5652
0.979 0.802629 -0.108414 0.563008 0.803093 -0.116628 0.564022
0.98 0.804526 -0.10335 0.561891 0.804985 -0.111202 0.562851
0.981 0.806415 -0.098272 0.560779 0.806868 -0.105757 0.561686
0.982 0.808298 -0.0931799 0.559672 0.808741 -0.100294 0.560526
0.983 0.810175 -0.0880748 0.55857 0.810606 -0.0948151 0.559373
0.984 0.812046 -0.0829575 0.557472 0.812463 -0.08932 0.558224
0.985 0.813911 -0.0778286 0.556379 0.814313 -0.0838099 0.55708
0.986 0.815772 -0.0726889 0.555289 0.816155 -0.0782857 0.555941
0.987 0.817627 -0.067539 0.554203 0.817991 -0.0727486 0.554806
0.988 0.819478 -0.0623798 0.553121 0.81982 -0.0671992 0.553675
0.989 0.821326 -0.0572119 0.552042 0.821644 -0.0616387 0.552548
0.99 0.823169 -0.0520361 0.550965 0.823463 -0.0560678 0.551424
0.991 0.825009 -0.0468531 0.549892 0.825278 -0.0504877 0.550303
0.992 0.826846 -0.0416635 0.54882 0.827087 -0.0448991 0.549185
0.993 0.82868 -0.0364682 0.547751 0.828894 -0.0393031 0.548069
0.994 0.830512 -0.0312679 0.546683 0.830697 -0.0337005 0.546956
0.995 0.832341 -0.0260632 0.545617 0.832497 -0.0280923 0.545844
0.996 0.834169 -0.0208549 0.544553 0.834294 -0.0224795 0.544734
0.997 0.835996 -0.0156437 0.543489 0.83609 -0.0168629 0.543625
0.998 0.837821 -0.0104303 0.542427 0.837885 -0.0112435 0.542517
0.999 0.839646 -0.00521552 0.541364 0.839678 -0.0056222 0.541409
1 0.841471 -2.55795e-13 0.540302 0.841471 -2.55795e-13 0.540302
