x f[0] f[1] f[2] f[3] f[0,1] f[1,2] f[2,3] f[0,1,2] f[1,2,3] f[0,1,2,3]
0.000000 0.000000 1.000000 4.000000 9.000000 1.000000 3.000000 5.000000 1.000000 1.000000 0.000000
0.010000 0.000000 0.980100 3.960100 8.940100 0.980100 2.980000 4.980000 0.999950 1.000000 0.000017
0.020000 0.000000 0.960400 3.920400 8.880400 0.960400 2.960000 4.960000 0.999800 1.000000 0.000067
0.030000 0.000000 0.940900 3.880900 8.820900 0.940900 2.940000 4.940000 0.999550 1.000000 0.000150
0.040000 0.000000 0.921600 3.841600 8.761600 0.921600 2.920000 4.920000 0.999200 1.000000 0.000267
0.050000 0.000000 0.902500 3.802500 8.702500 0.902500 2.900000 4.900000 0.998750 1.000000 0.000417
0.060000 0.000000 0.883600 3.763600 8.643600 0.883600 2.880000 4.880000 0.998200 1.000000 0.000600
0.070000 0.000000 0.864900 3.724900 8.584900 0.864900 2.860000 4.860000 0.997550 1.000000 0.000817
0.080000 0.000000 0.846400 3.686400 8.526400 0.846400 2.840000 4.840000 0.996800 1.000000 0.001067
0.090000 0.000000 0.828100 3.648100 8.468100 0.828100 2.820000 4.820000 0.995950 1.000000 0.001350
0.100000 0.000000 0.810000 3.610000 8.410000 0.810000 2.800000 4.800000 0.995000 1.000000 0.001667
0.110000 0.000000 0.792100 3.572100 8.352100 0.792100 2.780000 4.780000 0.993950 1.000000 0.002017
0.120000 0.000000 0.774400 3.534400 8.294400 0.774400 2.760000 4.760000 0.992800 1.000000 0.002400
0.130000 0.000000 0.756900 3.496900 8.236900 0.756900 2.740000 4.740000 0.991550 1.000000 0.002817
0.140000 0.000000 0.739600 3.459600 8.179600 0.739600 2.720000 4.720000 0.990200 1.000000 0.003267
0.150000 0.000000 0.722500 3.422500 8.122500 0.722500 2.700000 4.700000 0.988750 1.000000 0.003750
0.160000 0.000000 0.705600 3.385600 8.065600 0.705600 2.680000 4.680000 0.987200 1.000000 0.004267
0.170000 0.000000 0.688900 3.348900 8.008900 0.688900 2.660000 4.660000 0.985550 1.000000 0.004817
0.180000 0.000000 0.672400 3.312400 7.952400 0.672400 2.640000 4.640000 0.983800 1.000000 0.005400
0.190000 0.000000 0.656100 3.276100 7.896100 0.656100 2.620000 4.620000 0.981950 1.000000 0.006017
0.200000 0.000000 0.640000 3.240000 7.840000 0.640000 2.600000 4.600000 0.980000 1.000000 0.006667
0.210000 0.000000 0.624100 3.204100 7.784100 0.624100 2.580000 4.580000 0.977950 1.000000 0.007350
0.220000 0.000000 0.608400 3.168400 7.728400 0.608400 2.560000 4.560000 0.975800 1.000000 0.008067
0.230000 0.000000 0.592900 3.132900 7.672900 0.592900 2.540000 4.540000 0.973550 1.000000 0.008817
0.240000 0.000000 0.577600 3.097600 7.617600 0.577600 2.520000 4.520000 0.971200 1.000000 0.009600
0.250000 0.000000 0.562500 3.062500 7.562500 0.562500 2.500000 4.500000 0.968750 1.000000 0.010417
0.260000 0.000000 0.547600 3.027600 7.507600 0.547600 2.480000 4.480000 0.966200 1.000000 0.011267
0.270000 0.000000 0.532900 2.992900 7.452900 0.532900 2.460000 4.460000 0.963550 1.000000 0.012150
0.280000 0.000000 0.518400 2.958400 7.398400 0.518400 2.440000 4.440000 0.960800 1.000000 0.013067
0.290000 0.000000 0.504100 2.924100 7.344100 0.504100 2.420000 4.420000 0.957950 1.000000 0.014017
0.300000 0.000000 0.490000 2.890000 7.290000 0.490000 2.400000 4.400000 0.955000 1.000000 0.015000
0.310000 0.000000 0.476100 2.856100 7.236100 0.476100 2.380000 4.380000 0.951950 1.000000 0.016017
0.320000 0.000000 0.462400 2.822400 7.182400 0.462400 2.360000 4.360000 0.948800 1.000000 0.017067
0.330000 0.000000 0.448900 2.788900 7.128900 0.448900 2.340000 4.340000 0.945550 1.000000 0.018150
0.340000 0.000000 0.435600 2.755600 7.075600 0.435600 2.320000 4.320000 0.942200 1.000000 0.019267
0.350000 0.000000 0.422500 2.722500 7.022500 0.422500 2.300000 4.300000 0.938750 1.000000 0.020417
0.360000 0.000000 0.409600 2.689600 6.969600 0.409600 2.280000 4.280000 0.935200 1.000000 0.021600
0.370000 0.000000 0.396900 2.656900 6.916900 0.396900 2.260000 4.260000 0.931550 1.000000 0.022817
0.380000 0.000000 0.384400 2.624400 6.864400 0.384400 2.240000 4.240000 0.927800 1.000000 0.024067
0.390000 0.000000 0.372100 2.592100 6.812100 0.372100 2.220000 4.220000 0.923950 1.000000 0.025350
0.400000 0.000000 0.360000 2.560000 6.760000 0.360000 2.200000 4.200000 0.920000 1.000000 0.026667
0.410000 0.000000 0.348100 2.528100 6.708100 0.348100 2.180000 4.180000 0.915950 1.000000 0.028017
0.420000 0.000000 0.336400 2.496400 6.656400 0.336400 2.160000 4.160000 0.911800 1.000000 0.029400
0.430000 0.000000 0.324900 2.464900 6.604900 0.324900 2.140000 4.140000 0.907550 1.000000 0.030817
0.440000 0.000000 0.313600 2.433600 6.553600 0.313600 2.120000 4.120000 0.903200 1.000000 0.032267
0.450000 0.000000 0.302500 2.402500 6.502500 0.302500 2.100000 4.100000 0.898750 1.000000 0.033750
0.460000 0.000000 0.291600 2.371600 6.451600 0.291600 2.080000 4.080000 0.894200 1.000000 0.035267
0.470000 0.000000 0.280900 2.340900 6.400900 0.280900 2.060000 4.060000 0.889550 1.000000 0.036817
0.480000 0.000000 0.270400 2.310400 6.350400 0.270400 2.040000 4.040000 0.884800 1.000000 0.038400
0.490000 0.000000 0.260100 2.280100 6.300100 0.260100 2.020000 4.020000 0.879950 1.000000 0.040017
0.500000 0.000000 0.250000 2.250000 6.250000 0.250000 2.000000 4.000000 0.875000 1.000000 0.041667
0.510000 0.000000 0.240100 2.220100 6.200100 0.240100 1.980000 3.980000 0.869950 1.000000 0.043350
0.520000 0.000000 0.230400 2.190400 6.150400 0.230400 1.960000 3.960000 0.864800 1.000000 0.045067
0.530000 0.000000 0.220900 2.160900 6.100900 0.220900 1.940000 3.940000 0.859550 1.000000 0.046817
0.540000 0.000000 0.211600 2.131600 6.051600 0.211600 1.920000 3.920000 0.854200 1.000000 0.048600
0.550000 0.000000 0.202500 2.102500 6.002500 0.202500 1.900000 3.900000 0.848750 1.000000 0.050417
0.560000 0.000000 0.193600 2.073600 5.953600 0.193600 1.880000 3.880000 0.843200 1.000000 0.052267
0.570000 0.000000 0.184900 2.044900 5.904900 0.184900 1.860000 3.860000 0.837550 1.000000 0.054150
0.580000 0.000000 0.176400 2.016400 5.856400 0.176400 1.840000 3.840000 0.831800 1.000000 0.056067
0.590000 0.000000 0.168100 1.988100 5.808100 0.168100 1.820000 3.820000 0.825950 1.000000 0.058017
0.600000 0.000000 0.160000 1.960000 5.760000 0.160000 1.800000 3.800000 0.820000 1.000000 0.060000
0.610000 0.000000 0.152100 1.932100 5.712100 0.152100 1.780000 3.780000 0.813950 1.000000 0.062017
0.620000 0.000000 0.144400 1.904400 5.664400 0.144400 1.760000 3.760000 0.807800 1.000000 0.064067
0.630000 0.000000 0.136900 1.876900 5.616900 0.136900 1.740000 3.740000 0.801550 1.000000 0.066150
0.640000 0.000000 0.129600 1.849600 5.569600 0.129600 1.720000 3.720000 0.795200 1.000000 0.068267
0.650000 0.000000 0.122500 1.822500 5.522500 0.122500 1.700000 3.700000 0.788750 1.000000 0.070417
0.660000 0.000000 0.115600 1.795600 5.475600 0.115600 1.680000 3.680000 0.782200 1.000000 0.072600
0.670000 0.000000 0.108900 1.768900 5.428900 0.108900 1.660000 3.660000 0.775550 1.000000 0.074817
0.680000 0.000000 0.102400 1.742400 5.382400 0.102400 1.640000 3.640000 0.768800 1.000000 0.077067
0.690000 0.000000 0.096100 1.716100 5.336100 0.096100 1.620000 3.620000 0.761950 1.000000 0.079350
0.700000 0.000000 0.090000 1.690000 5.290000 0.090000 1.600000 3.600000 0.755000 1.000000 0.081667
0.710000 0.000000 0.084100 1.664100 5.244100 0.084100 1.580000 3.580000 0.747950 1.000000 0.084017
0.720000 0.000000 0.078400 1.638400 5.198400 0.078400 1.560000 3.560000 0.740800 1.000000 0.086400
0.730000 0.000000 0.072900 1.612900 5.152900 0.072900 1.540000 3.540000 0.733550 1.000000 0.088817
0.740000 0.000000 0.067600 1.587600 5.107600 0.067600 1.520000 3.520000 0.726200 1.000000 0.091267
0.750000 0.000000 0.062500 1.562500 5.062500 0.062500 1.500000 3.500000 0.718750 1.000000 0.093750
0.760000 0.000000 0.057600 1.537600 5.017600 0.057600 1.480000 3.480000 0.711200 1.000000 0.096267
0.770000 0.000000 0.052900 1.512900 4.972900 0.052900 1.460000 3.460000 0.703550 1.000000 0.098817
0.780000 0.000000 0.048400 1.488400 4.928400 0.048400 1.440000 3.440000 0.695800 1.000000 0.101400
0.790000 0.000000 0.044100 1.464100 4.884100 0.044100 1.420000 3.420000 0.687950 1.000000 0.104017
0.800000 0.000000 0.040000 1.440000 4.840000 0.040000 1.400000 3.400000 0.680000 1.000000 0.106667
0.810000 0.000000 0.036100 1.416100 4.796100 0.036100 1.380000 3.380000 0.671950 1.000000 0.109350
0.820000 0.000000 0.032400 1.392400 4.752400 0.032400 1.360000 3.360000 0.663800 1.000000 0.112067
0.830000 0.000000 0.028900 1.368900 4.708900 0.028900 1.340000 3.340000 0.655550 1.000000 0.114817
0.840000 0.000000 0.025600 1.345600 4.665600 0.025600 1.320000 3.320000 0.647200 1.000000 0.117600
0.850000 0.000000 0.022500 1.322500 4.622500 0.022500 1.300000 3.300000 0.638750 1.000000 0.120417
0.860000 0.000000 0.019600 1.299600 4.579600 0.019600 1.280000 3.280000 0.630200 1.000000 0.123267
0.870000 0.000000 0.016900 1.276900 4.536900 0.016900 1.260000 3.260000 0.621550 1.000000 0.126150
0.880000 0.000000 0.014400 1.254400 4.494400 0.014400 1.240000 3.240000 0.612800 1.000000 0.129067
0.890000 0.000000 0.012100 1.232100 4.452100 0.012100 1.220000 3.220000 0.603950 1.000000 0.132017
0.900000 0.000000 0.010000 1.210000 4.410000 0.010000 1.200000 3.200000 0.595000 1.000000 0.135000
0.910000 0.000000 0.008100 1.188100 4.368100 0.008100 1.180000 3.180000 0.585950 1.000000 0.138017
0.920000 0.000000 0.006400 1.166400 4.326400 0.006400 1.160000 3.160000 0.576800 1.000000 0.141067
0.930000 0.000000 0.004900 1.144900 4.284900 0.004900 1.140000 3.140000 0.567550 1.000000 0.144150
0.940000 0.000000 0.003600 1.123600 4.243600 0.003600 1.120000 3.120000 0.558200 1.000000 0.147267
0.950000 0.000000 0.002500 1.102500 4.202500 0.002500 1.100000 3.100000 0.548750 1.000000 0.150417
0.960000 0.000000 0.001600 1.081600 4.161600 0.001600 1.080000 3.080000 0.539200 1.000000 0.153600
0.970000 0.000000 0.000900 1.060900 4.120900 0.000900 1.060000 3.060000 0.529550 1.000000 0.156817
0.980000 0.000000 0.000400 1.040400 4.080400 0.000400 1.040000 3.040000 0.519800 1.000000 0.160067
0.990000 0.000000 0.000100 1.020100 4.040100 0.000100 1.020000 3.020000 0.509950 1.000000 0.163350
1.000000 0.000000 0.000000 1.000000 4.000000 0.000000 1.000000 3.000000 0.500000 1.000000 0.166667
1.010000 0.000000 0.000000 0.980100 3.960100 0.000000 0.980100 2.980000 0.490050 0.999950 0.169967
1.020000 0.000000 0.000000 0.960400 3.920400 0.000000 0.960400 2.960000 0.480200 0.999800 0.173200
1.030000 0.000000 0.000000 0.940900 3.880900 0.000000 0.940900 2.940000 0.470450 0.999550 0.176367
1.040000 0.000000 0.000000 0.921600 3.841600 0.000000 0.921600 2.920000 0.460800 0.999200 0.179467
1.050000 0.000000 0.000000 0.902500 3.802500 0.000000 0.902500 2.900000 0.451250 0.998750 0.182500
1.060000 0.000000 0.000000 0.883600 3.763600 0.000000 0.883600 2.880000 0.441800 0.998200 0.185467
1.070000 0.000000 0.000000 0.864900 3.724900 0.000000 0.864900 2.860000 0.432450 0.997550 0.188367
1.080000 0.000000 0.000000 0.846400 3.686400 0.000000 0.846400 2.840000 0.423200 0.996800 0.191200
1.090000 0.000000 0.000000 0.828100 3.648100 0.000000 0.828100 2.820000 0.414050 0.995950 0.193967
1.100000 0.000000 0.000000 0.810000 3.610000 0.000000 0.810000 2.800000 0.405000 0.995000 0.196667
1.110000 0.000000 0.000000 0.792100 3.572100 0.000000 0.792100 2.780000 0.396050 0.993950 0.199300
1.120000 0.000000 0.000000 0.774400 3.534400 0.000000 0.774400 2.760000 0.387200 0.992800 0.201867
1.130000 0.000000 0.000000 0.756900 3.496900 0.000000 0.756900 2.740000 0.378450 0.991550 0.204367
1.140000 0.000000 0.000000 0.739600 3.459600 0.000000 0.739600 2.720000 0.369800 0.990200 0.206800
1.150000 0.000000 0.000000 0.722500 3.422500 0.000000 0.722500 2.700000 0.361250 0.988750 0.209167
1.160000 0.000000 0.000000 0.705600 3.385600 0.000000 0.705600 2.680000 0.352800 0.987200 0.211467
1.170000 0.000000 0.000000 0.688900 3.348900 0.000000 0.688900 2.660000 0.344450 0.985550 0.213700
1.180000 0.000000 0.000000 0.672400 3.312400 0.000000 0.672400 2.640000 0.336200 0.983800 0.215867
1.190000 0.000000 0.000000 0.656100 3.276100 0.000000 0.656100 2.620000 0.328050 0.981950 0.217967
1.200000 0.000000 0.000000 0.640000 3.240000 0.000000 0.640000 2.600000 0.320000 0.980000 0.220000
1.210000 0.000000 0.000000 0.624100 3.204100 0.000000 0.624100 2.580000 0.312050 0.977950 0.221967
1.220000 0.000000 0.000000 0.608400 3.168400 0.000000 0.608400 2.560000 0.304200 0.975800 0.223867
1.230000 0.000000 0.000000 0.592900 3.132900 0.000000 0.592900 2.540000 0.296450 0.973550 0.225700
1.240000 0.000000 0.000000 0.577600 3.097600 0.000000 0.577600 2.520000 0.288800 0.971200 0.227467
1.250000 0.000000 0.000000 0.562500 3.062500 0.000000 0.562500 2.500000 0.281250 0.968750 0.229167
1.260000 0.000000 0.000000 0.547600 3.027600 0.000000 0.547600 2.480000 0.273800 0.966200 0.230800
1.270000 0.000000 0.000000 0.532900 2.992900 0.000000 0.532900 2.460000 0.266450 0.963550 0.232367
1.280000 0.000000 0.000000 0.518400 2.958400 0.000000 0.518400 2.440000 0.259200 0.960800 0.233867
1.290000 0.000000 0.000000 0.504100 2.924100 0.000000 0.504100 2.420000 0.252050 0.957950 0.235300
1.300000 0.000000 0.000000 0.490000 2.890000 0.000000 0.490000 2.400000 0.245000 0.955000 0.236667
1.310000 0.000000 0.000000 0.476100 2.856100 0.000000 0.476100 2.380000 0.238050 0.951950 0.237967
1.320000 0.000000 0.000000 0.462400 2.822400 0.000000 0.462400 2.360000 0.231200 0.948800 0.239200
1.330000 0.000000 0.000000 0.448900 2.788900 0.000000 0.448900 2.340000 0.224450 0.945550 0.240367
1.340000 0.000000 0.000000 0.435600 2.755600 0.000000 0.435600 2.320000 0.217800 0.942200 0.241467
1.350000 0.000000 0.000000 0.422500 2.722500 0.000000 0.422500 2.300000 0.211250 0.938750 0.242500
1.360000 0.000000 0.000000 0.409600 2.689600 0.000000 0.409600 2.280000 0.204800 0.935200 0.243467
1.370000 0.000000 0.000000 0.396900 2.656900 0.000000 0.396900 2.260000 0.198450 0.931550 0.244367
1.380000 0.000000 0.000000 0.384400 2.624400 0.000000 0.384400 2.240000 0.192200 0.927800 0.245200
1.390000 0.000000 0.000000 0.372100 2.592100 0.000000 0.372100 2.220000 0.186050 0.923950 0.245967
1.400000 0.000000 0.000000 0.360000 2.560000 0.000000 0.360000 2.200000 0.180000 0.920000 0.246667
1.410000 0.000000 0.000000 0.348100 2.528100 0.000000 0.348100 2.180000 0.174050 0.915950 0.247300
1.420000 0.000000 0.000000 0.336400 2.496400 0.000000 0.336400 2.160000 0.168200 0.911800 0.247867
1.430000 0.000000 0.000000 0.324900 2.464900 0.000000 0.324900 2.140000 0.162450 0.907550 0.248367
1.440000 0.000000 0.000000 0.313600 2.433600 0.000000 0.313600 2.120000 0.156800 0.903200 0.248800
1.450000 0.000000 0.000000 0.302500 2.402500 0.000000 0.302500 2.100000 0.151250 0.898750 0.249167
1.460000 0.000000 0.000000 0.291600 2.371600 0.000000 0.291600 2.080000 0.145800 0.894200 0.249467
1.470000 0.000000 0.000000 0.280900 2.340900 0.000000 0.280900 2.060000 0.140450 0.889550 0.249700
1.480000 0.000000 0.000000 0.270400 2.310400 0.000000 0.270400 2.040000 0.135200 0.884800 0.249867
1.490000 0.000000 0.000000 0.260100 2.280100 0.000000 0.260100 2.020000 0.130050 0.879950 0.249967
1.500000 0.000000 0.000000 0.250000 2.250000 0.000000 0.250000 2.000000 0.125000 0.875000 0.250000
1.510000 0.000000 0.000000 0.240100 2.220100 0.000000 0.240100 1.980000 0.120050 0.869950 0.249967
1.520000 0.000000 0.000000 0.230400 2.190400 0.000000 0.230400 1.960000 0.115200 0.864800 0.249867
1.530000 0.000000 0.000000 0.220900 2.160900 0.000000 0.220900 1.940000 0.110450 0.859550 0.249700
1.540000 0.000000 0.000000 0.211600 2.131600 0.000000 0.211600 1.920000 0.105800 0.854200 0.249467
1.550000 0.000000 0.000000 0.202500 2.102500 0.000000 0.202500 1.900000 0.101250 0.848750 0.249167
1.560000 0.000000 0.000000 0.193600 2.073600 0.000000 0.193600 1.880000 0.096800 0.843200 0.248800
1.570000 0.000000 0.000000 0.184900 2.044900 0.000000 0.184900 1.860000 0.092450 0.837550 0.248367
1.580000 0.000000 0.000000 0.176400 2.016400 0.000000 0.176400 1.840000 0.088200 0.831800 0.247867
1.590000 0.000000 0.000000 0.168100 1.988100 0.000000 0.168100 1.820000 0.084050 0.825950 0.247300
1.600000 0.000000 0.000000 0.160000 1.960000 0.000000 0.160000 1.800000 0.080000 0.820000 0.246667
1.610000 0.000000 0.000000 0.152100 1.932100 0.000000 0.152100 1.780000 0.076050 0.813950 0.245967
1.620000 0.000000 0.000000 0.144400 1.904400 0.000000 0.144400 1.760000 0.072200 0.807800 0.245200
1.630000 0.000000 0.000000 0.136900 1.876900 0.000000 0.136900 1.740000 0.068450 0.801550 0.244367
1.640000 0.000000 0.000000 0.129600 1.849600 0.000000 0.129600 1.720000 0.064800 0.795200 0.243467
1.650000 0.000000 0.000000 0.122500 1.822500 0.000000 0.122500 1.700000 0.061250 0.788750 0.242500
1.660000 0.000000 0.000000 0.115600 1.795600 0.000000 0.115600 1.680000 0.057800 0.782200 0.241467
1.670000 0.000000 0.000000 0.108900 1.768900 0.000000 0.108900 1.660000 0.054450 0.775550 0.240367
1.680000 0.000000 0.000000 0.102400 1.742400 0.000000 0.102400 1.640000 0.051200 0.768800 0.239200
1.690000 0.000000 0.000000 0.096100 1.716100 0.000000 0.096100 1.620000 0.048050 0.761950 0.237967
1.700000 0.000000 0.000000 0.090000 1.690000 0.000000 0.090000 1.600000 0.045000 0.755000 0.236667
1.710000 0.000000 0.000000 0.084100 1.664100 0.000000 0.084100 1.580000 0.042050 0.747950 0.235300
1.720000 0.000000 0.000000 0.078400 1.638400 0.000000 0.078400 1.560000 0.039200 0.740800 0.233867
1.730000 0.000000 0.000000 0.072900 1.612900 0.000000 0.072900 1.540000 0.036450 0.733550 0.232367
1.740000 0.000000 0.000000 0.067600 1.587600 0.000000 0.067600 1.520000 0.033800 0.726200 0.230800
1.750000 0.000000 0.000000 0.062500 1.562500 0.000000 0.062500 1.500000 0.031250 0.718750 0.229167
1.760000 0.000000 0.000000 0.057600 1.537600 0.000000 0.057600 1.480000 0.028800 0.711200 0.227467
1.770000 0.000000 0.000000 0.052900 1.512900 0.000000 0.052900 1.460000 0.026450 0.703550 0.225700
1.780000 0.000000 0.000000 0.048400 1.488400 0.000000 0.048400 1.440000 0.024200 0.695800 0.223867
1.790000 0.000000 0.000000 0.044100 1.464100 0.000000 0.044100 1.420000 0.022050 0.687950 0.221967
1.800000 0.000000 0.000000 0.040000 1.440000 0.000000 0.040000 1.400000 0.020000 0.680000 0.220000
1.810000 0.000000 0.000000 0.036100 1.416100 0.000000 0.036100 1.380000 0.018050 0.671950 0.217967
1.820000 0.000000 0.000000 0.032400 1.392400 0.000000 0.032400 1.360000 0.016200 0.663800 0.215867
1.830000 0.000000 0.000000 0.028900 1.368900 0.000000 0.028900 1.340000 0.014450 0.655550 0.213700
1.840000 0.000000 0.000000 0.025600 1.345600 0.000000 0.025600 1.320000 0.012800 0.647200 0.211467
1.850000 0.000000 0.000000 0.022500 1.322500 0.000000 0.022500 1.300000 0.011250 0.638750 0.209167
1.860000 0.000000 0.000000 0.019600 1.299600 0.000000 0.019600 1.280000 0.009800 0.630200 0.206800
1.870000 0.000000 0.000000 0.016900 1.276900 0.000000 0.016900 1.260000 0.008450 0.621550 0.204367
1.880000 0.000000 0.000000 0.014400 1.254400 0.000000 0.014400 1.240000 0.007200 0.612800 0.201867
1.890000 0.000000 0.000000 0.012100 1.232100 0.000000 0.012100 1.220000 0.006050 0.603950 0.199300
1.900000 0.000000 0.000000 0.010000 1.210000 0.000000 0.010000 1.200000 0.005000 0.595000 0.196667
1.910000 0.000000 0.000000 0.008100 1.188100 0.000000 0.008100 1.180000 0.004050 0.585950 0.193967
1.920000 0.000000 0.000000 0.006400 1.166400 0.000000 0.006400 1.160000 0.003200 0.576800 0.191200
1.930000 0.000000 0.000000 0.004900 1.144900 0.000000 0.004900 1.140000 0.002450 0.567550 0.188367
1.940000 0.000000 0.000000 0.003600 1.123600 0.000000 0.003600 1.120000 0.001800 0.558200 0.185467
1.950000 0.000000 0.000000 0.002500 1.102500 0.000000 0.002500 1.100000 0.001250 0.548750 0.182500
1.960000 0.000000 0.000000 0.001600 1.081600 0.000000 0.001600 1.080000 0.000800 0.539200 0.179467
1.970000 0.000000 0.000000 0.000900 1.060900 0.000000 0.000900 1.060000 0.000450 0.529550 0.176367
1.980000 0.000000 0.000000 0.000400 1.040400 0.000000 0.000400 1.040000 0.000200 0.519800 0.173200
1.990000 0.000000 0.000000 0.000100 1.020100 0.000000 0.000100 1.020000 0.000050 0.509950 0.169967
2.000000 0.000000 0.000000 0.000000 1.000000 0.000000 0.000000 1.000000 0.000000 0.500000 0.166667
2.010000 0.000000 0.000000 0.000000 0.980100 0.000000 0.000000 0.980100 0.000000 0.490050 0.163350
2.020000 0.000000 0.000000 0.000000 0.960400 0.000000 0.000000 0.960400 0.000000 0.480200 0.160067
2.030000 0.000000 0.000000 0.000000 0.940900 0.000000 0.000000 0.940900 0.000000 0.470450 0.156817
2.040000 0.000000 0.000000 0.000000 0.921600 0.000000 0.000000 0.921600 0.000000 0.460800 0.153600
2.050000 0.000000 0.000000 0.000000 0.902500 0.000000 0.000000 0.902500 0.000000 0.451250 0.150417
2.060000 0.000000 0.000000 0.000000 0.883600 0.000000 0.000000 0.883600 0.000000 0.441800 0.147267
2.070000 0.000000 0.000000 0.000000 0.864900 0.000000 0.000000 0.864900 0.000000 0.432450 0.144150
2.080000 0.000000 0.000000 0.000000 0.846400 0.000000 0.000000 0.846400 0.000000 0.423200 0.141067
2.090000 0.000000 0.000000 0.000000 0.828100 0.000000 0.000000 0.828100 0.000000 0.414050 0.138017
2.100000 0.000000 0.000000 0.000000 0.810000 0.000000 0.000000 0.810000 0.000000 0.405000 0.135000
2.110000 0.000000 0.000000 0.000000 0.792100 0.000000 0.000000 0.792100 0.000000 0.396050 0.132017
2.120000 0.000000 0.000000 0.000000 0.774400 0.000000 0.000000 0.774400 0.000000 0.387200 0.129067
2.130000 0.000000 0.000000 0.000000 0.756900 0.000000 0.000000 0.756900 0.000000 0.378450 0.126150
2.140000 0.000000 0.000000 0.000000 0.739600 0.000000 0.000000 0.739600 0.000000 0.369800 0.123267
2.150000 0.000000 0.000000 0.000000 0.722500 0.000000 0.000000 0.722500 0.000000 0.361250 0.120417
2.160000 0.000000 0.000000 0.000000 0.705600 0.000000 0.000000 0.705600 0.000000 0.352800 0.117600
2.170000 0.000000 0.000000 0.000000 0.688900 0.000000 0.000000 0.688900 0.000000 0.344450 0.114817
2.180000 0.000000 0.000000 0.000000 0.672400 0.000000 0.000000 0.672400 0.000000 0.336200 0.112067
2.190000 0.000000 0.000000 0.000000 0.656100 0.000000 0.000000 0.656100 0.000000 0.328050 0.109350
2.200000 0.000000 0.000000 0.000000 0.640000 0.000000 0.000000 0.640000 0.000000 0.320000 0.106667
2.210000 0.000000 0.000000 0.000000 0.624100 0.000000 0.000000 0.624100 0.000000 0.312050 0.104017
2.220000 0.000000 0.000000 0.000000 0.608400 0.000000 0.000000 0.608400 0.000000 0.304200 0.101400
2.230000 0.000000 0.000000 0.000000 0.592900 0.000000 0.000000 0.592900 0.000000 0.296450 0.098817
2.240000 0.000000 0.000000 0.000000 0.577600 0.000000 0.000000 0.577600 0.000000 0.288800 0.096267
2.250000 0.000000 0.000000 0.000000 0.562500 0.000000 0.000000 0.562500 0.000000 0.281250 0.093750
2.260000 0.000000 0.000000 0.000000 0.547600 0.000000 0.000000 0.547600 0.000000 0.273800 0.091267
2.270000 0.000000 0.000000 0.000000 0.532900 0.000000 0.000000 0.532900 0.000000 0.266450 0.088817
2.280000 0.000000 0.000000 0.000000 0.518400 0.000000 0.000000 0.518400 0.000000 0.259200 0.086400
2.290000 0.000000 0.000000 0.000000 0.504100 0.000000 0.000000 0.504100 0.000000 0.252050 0.084017
2.300000 0.000000 0.000000 0.000000 0.490000 0.000000 0.000000 0.490000 0.000000 0.245000 0.081667
2.310000 0.000000 0.000000 0.000000 0.476100 0.000000 0.000000 0.476100 0.000000 0.238050 0.079350
2.320000 0.000000 0.000000 0.000000 0.462400 0.000000 0.000000 0.462400 0.000000 0.231200 0.077067
2.330000 0.000000 0.000000 0.000000 0.448900 0.000000 0.000000 0.448900 0.000000 0.224450 0.074817
2.340000 0.000000 0.000000 0.000000 0.435600 0.000000 0.000000 0.435600 0.000000 0.217800 0.072600
2.350000 0.000000 0.000000 0.000000 0.422500 0.000000 0.000000 0.422500 0.000000 0.211250 0.070417
2.360000 0.000000 0.000000 0.000000 0.409600 0.000000 0.000000 0.409600 0.000000 0.204800 0.068267
2.370000 0.000000 0.000000 0.000000 0.396900 0.000000 0.000000 0.396900 0.000000 0.198450 0.066150
2.380000 0.000000 0.000000 0.000000 0.384400 0.000000 0.000000 0.384400 0.000000 0.192200 0.064067
2.390000 0.000000 0.000000 0.000000 0.372100 0.000000 0.000000 0.372100 0.000000 0.186050 0.062017
2.400000 0.000000 0.000000 0.000000 0.360000 0.000000 0.000000 0.360000 0.000000 0.180000 0.060000
2.410000 0.000000 0.000000 0.000000 0.348100 0.000000 0.000000 0.348100 0.000000 0.174050 0.058017
2.420000 0.000000 0.000000 0.000000 0.336400 0.000000 0.000000 0.336400 0.000000 0.168200 0.056067
2.430000 0.000000 0.000000 0.000000 0.324900 0.000000 0.000000 0.324900 0.000000 0.162450 0.054150
2.440000 0.000000 0.000000 0.000000 0.313600 0.000000 0.000000 0.313600 0.000000 0.156800 0.052267
2.450000 0.000000 0.000000 0.000000 0.302500 0.000000 0.000000 0.302500 0.000000 0.151250 0.050417
2.460000 0.000000 0.000000 0.000000 0.291600 0.000000 0.000000 0.291600 0.000000 0.145800 0.048600
2.470000 0.000000 0.000000 0.000000 0.280900 0.000000 0.000000 0.280900 0.000000 0.140450 0.046817
2.480000 0.000000 0.000000 0.000000 0.270400 0.000000 0.000000 0.270400 0.000000 0.135200 0.045067
2.490000 0.000000 0.000000 0.000000 0.260100 0.000000 0.000000 0.260100 0.000000 0.130050 0.043350
2.500000 0.000000 0.000000 0.000000 0.250000 0.000000 0.000000 0.250000 0.000000 0.125000 0.041667
2.510000 0.000000 0.000000 0.000000 0.240100 0.000000 0.000000 0.240100 0.000000 0.120050 0.040017
2.520000 0.000000 0.000000 0.000000 0.230400 0.000000 0.000000 0.230400 0.000000 0.115200 0.038400
2.530000 0.000000 0.000000 0.000000 0.220900 0.000000 0.000000 0.220900 0.000000 0.110450 0.036817
2.540000 0.000000 0.000000 0.000000 0.211600 0.000000 0.000000 0.211600 0.000000 0.105800 0.035267
2.550000 0.000000 0.000000 0.000000 0.202500 0.000000 0.000000 0.202500 0.000000 0.101250 0.033750
2.560000 0.000000 0.000000 0.000000 0.193600 0.000000 0.000000 0.193600 0.000000 0.096800 0.032267
2.570000 0.000000 0.000000 0.000000 0.184900 0.000000 0.000000 0.184900 0.000000 0.092450 0.030817
2.580000 0.000000 0.000000 0.000000 0.176400 0.000000 0.000000 0.176400 0.000000 0.088200 0.029400
2.590000 0.000000 0.000000 0.000000 0.168100 0.000000 0.000000 0.168100 0.000000 0.084050 0.028017
2.600000 0.000000 0.000000 0.000000 0.160000 0.000000 0.000000 0.160000 0.000000 0.080000 0.026667
2.610000 0.000000 0.000000 0.000000 0.152100 0.000000 0.000000 0.152100 0.000000 0.076050 0.025350
2.620000 0.000000 0.000000 0.000000 0.144400 0.000000 0.000000 0.144400 0.000000 0.072200 0.024067
2.630000 0.000000 0.000000 0.000000 0.136900 0.000000 0.000000 0.136900 0.000000 0.068450 0.022817
2.640000 0.000000 0.000000 0.000000 0.129600 0.000000 0.000000 0.129600 0.000000 0.064800 0.021600
2.650000 0.000000 0.000000 0.000000 0.122500 0.000000 0.000000 0.122500 0.000000 0.061250 0.020417
2.660000 0.000000 0.000000 0.000000 0.115600 0.000000 0.000000 0.115600 0.000000 0.057800 0.019267
2.670000 0.000000 0.000000 0.000000 0.108900 0.000000 0.000000 0.108900 0.000000 0.054450 0.018150
2.680000 0.000000 0.000000 0.000000 0.102400 0.000000 0.000000 0.102400 0.000000 0.051200 0.017067
2.690000 0.000000 0.000000 0.000000 0.096100 0.000000 0.000000 0.096100 0.000000 0.048050 0.016017
2.700000 0.000000 0.000000 0.000000 0.090000 0.000000 0.000000 0.090000 0.000000 0.045000 0.015000
2.710000 0.000000 0.000000 0.000000 0.084100 0.000000 0.000000 0.084100 0.000000 0.042050 0.014017
2.720000 0.000000 0.000000 0.000000 0.078400 0.000000 0.000000 0.078400 0.000000 0.039200 0.013067
2.730000 0.000000 0.000000 0.000000 0.072900 0.000000 0.000000 0.072900 0.000000 0.036450 0.012150
2.740000 0.000000 0.000000 0.000000 0.067600 0.000000 0.000000 0.067600 0.000000 0.033800 0.011267
2.750000 0.000000 0.000000 0.000000 0.062500 0.000000 0.000000 0.062500 0.000000 0.031250 0.010417
2.760000 0.000000 0.000000 0.000000 0.057600 0.000000 0.000000 0.057600 0.000000 0.028800 0.009600
2.770000 0.000000 0.000000 0.000000 0.052900 0.000000 0.000000 0.052900 0.000000 0.026450 0.008817
2.780000 0.000000 0.000000 0.000000 0.048400 0.000000 0.000000 0.048400 0.000000 0.024200 0.008067
2.790000 0.000000 0.000000 0.000000 0.044100 0.000000 0.000000 0.044100 0.000000 0.022050 0.007350
2.800000 0.000000 0.000000 0.000000 0.040000 0.000000 0.000000 0.040000 0.000000 0.020000 0.006667
2.810000 0.000000 0.000000 0.000000 0.036100 0.000000 0.000000 0.036100 0.000000 0.018050 0.006017
2.820000 0.000000 0.000000 0.000000 0.032400 0.000000 0.000000 0.032400 0.000000 0.016200 0.005400
2.830000 0.000000 0.000000 0.000000 0.028900 0.000000 0.000000 0.028900 0.000000 0.014450 0.004817
2.840000 0.000000 0.000000 0.000000 0.025600 0.000000 0.000000 0.025600 0.000000 0.012800 0.004267
2.850000 0.000000 0.000000 0.000000 0.022500 0.000000 0.000000 0.022500 0.000000 0.011250 0.003750
2.860000 0.000000 0.000000 0.000000 0.019600 0.000000 0.000000 0.019600 0.000000 0.009800 0.003267
2.870000 0.000000 0.000000 0.000000 0.016900 0.000000 0.000000 0.016900 0.000000 0.008450 0.002817
2.880000 0.000000 0.000000 0.000000 0.014400 0.000000 0.000000 0.014400 0.000000 0.007200 0.002400
2.890000 0.000000 0.000000 0.000000 0.012100 0.000000 0.000000 0.012100 0.000000 0.006050 0.002017
2.900000 0.000000 0.000000 0.000000 0.010000 0.000000 0.000000 0.010000 0.000000 0.005000 0.001667
2.910000 0.000000 0.000000 0.000000 0.008100 0.000000 0.000000 0.008100 0.000000 0.004050 0.001350
2.920000 0.000000 0.000000 0.000000 0.006400 0.000000 0.000000 0.006400 0.000000 0.003200 0.001067
2.930000 0.000000 0.000000 0.000000 0.004900 0.000000 0.000000 0.004900 0.000000 0.002450 0.000817
2.940000 0.000000 0.000000 0.000000 0.003600 0.000000 0.000000 0.003600 0.000000 0.001800 0.000600
2.950000 0.000000 0.000000 0.000000 0.002500 0.000000 0.000000 0.002500 0.000000 0.001250 0.000417
2.960000 0.000000 0.000000 0.000000 0.001600 0.000000 0.000000 0.001600 0.000000 0.000800 0.000267
2.970000 0.000000 0.000000 0.000000 0.000900 0.000000 0.000000 0.000900 0.000000 0.000450 0.000150
2.980000 0.000000 0.000000 0.000000 0.000400 0.000000 0.000000 0.000400 0.000000 0.000200 0.000067
2.990000 0.000000 0.000000 0.000000 0.000100 0.000000 0.000000 0.000100 0.000000 0.000050 0.000017
3.000000 0.000000 0.000000 0.000000 0.000000 0.000000 0.000000 0.000000 0.000000 0.000000 0.000000
