x exact spline
-1 0.0384615 0.0384615
-0.997998 0.03861 0.0386127
-0.995996 0.0387594 0.0387639
-0.993994 0.0389096 0.0389153
-0.991992 0.0390607 0.039067
-0.98999 0.0392126 0.039219
-0.987988 0.0393654 0.0393716
-0.985986 0.0395191 0.0395246
-0.983984 0.0396737 0.0396783
-0.981982 0.0398292 0.0398328
-0.97998 0.0399856 0.0399881
-0.977978 0.0401429 0.0401443
-0.975976 0.0403011 0.0403015
-0.973974 0.0404602 0.0404598
-0.971972 0.0406203 0.0406193
-0.96997 0.0407813 0.0407799
-0.967968 0.0409433 0.0409416
-0.965966 0.0411062 0.0411044
-0.963964 0.04127 0.0412683
-0.961962 0.0414349 0.0414333
-0.95996 0.0416007 0.0415993
-0.957958 0.0417675 0.0417663
-0.955956 0.0419352 0.0419344
-0.953954 0.042104 0.0421035
-0.951952 0.0422738 0.0422736
-0.94995 0.0424446 0.0424446
-0.947948 0.0426164 0.0426166
-0.945946 0.0427893 0.0427896
-0.943944 0.0429632 0.0429636
-0.941942 0.0431381 0.0431385
-0.93994 0.0433141 0.0433145
-0.937938 0.0434911 0.0434916
-0.935936 0.0436693 0.0436697
-0.933934 0.0438485 0.0438488
-0.931932 0.0440288 0.044029
-0.92993 0.0442101 0.0442103
-0.927928 0.0443926 0.0443927
-0.925926 0.0445763 0.0445763
-0.923924 0.044761 0.044761
-0.921922 0.0449468 0.0449468
-0.91992 0.0451339 0.0451338
-0.917918 0.045322 0.0453219
-0.915916 0.0455113 0.0455112
-0.913914 0.0457018 0.0457017
-0.911912 0.0458935 0.0458934
-0.90991 0.0460863 0.0460862
-0.907908 0.0462804 0.0462803
-0.905906 0.0464757 0.0464756
-0.903904 0.0466721 0.0466721
-0.901902 0.0468699 0.0468698
-0.8999 0.0470688 0.0470688
-0.897898 0.047269 0.047269
-0.895896 0.0474705 0.0474705
-0.893894 0.0476732 0.0476732
-0.891892 0.0478772 0.0478772
-0.88989 0.0480825 0.0480825
-0.887888 0.0482891 0.0482891
-0.885886 0.048497 0.048497
-0.883884 0.0487062 0.0487062
-0.881882 0.0489168 0.0489168
-0.87988 0.0491287 0.0491287
-0.877878 0.0493419 0.0493419
-0.875876 0.0495566 0.0495566
-0.873874 0.0497726 0.0497726
-0.871872 0.04999 0.04999
-0.86987 0.0502088 0.0502088
-0.867868 0.050429 0.050429
-0.865866 0.0506506 0.0506506
-0.863864 0.0508737 0.0508737
-0.861862 0.0510982 0.0510982
-0.85986 0.0513242 0.0513242
-0.857858 0.0515517 0.0515517
-0.855856 0.0517807 0.0517806
-0.853854 0.0520111 0.0520111
-0.851852 0.0522431 0.0522431
-0.84985 0.0524766 0.0524766
-0.847848 0.0527116 0.0527116
-0.845846 0.0529482 0.0529482
-0.843844 0.0531864 0.0531864
-0.841842 0.0534261 0.0534261
-0.83984 0.0536674 0.0536674
-0.837838 0.0539104 0.0539104
-0.835836 0.0541549 0.0541549
-0.833834 0.0544011 0.0544011
-0.831832 0.054649 0.054649
-0.82983 0.0548985 0.0548985
-0.827828 0.0551497 0.0551497
-0.825826 0.0554026 0.0554026
-0.823824 0.0556572 0.0556572
-0.821822 0.0559135 0.0559135
-0.81982 0.0561715 0.0561715
-0.817818 0.0564313 0.0564313
-0.815816 0.0566929 0.0566929
-0.813814 0.0569563 0.0569563
-0.811812 0.0572215 0.0572215
-0.80981 0.0574885 0.0574884
-0.807808 0.0577573 0.0577573
-0.805806 0.0580279 0.0580279
-0.803804 0.0583005 0.0583005
-0.801802 0.0585749 0.0585749
-0.7998 0.0588512 0.0588512
-0.797798 0.0591295 0.0591295
-0.795796 0.0594097 0.0594097
-0.793794 0.0596918 0.0596918
-0.791792 0.0599759 0.0599759
-0.78979 0.060262 0.060262
-0.787788 0.0605501 0.0605501
-0.785786 0.0608403 0.0608403
-0.783784 0.0611324 0.0611324
-0.781782 0.0614267 0.0614267
-0.77978 0.061723 0.061723
-0.777778 0.0620214 0.0620214
-0.775776 0.062322 0.062322
-0.773774 0.0626247 0.0626247
-0.771772 0.0629295 0.0629295
-0.76977 0.0632366 0.0632366
-0.767768 0.0635458 0.0635458
-0.765766 0.0638572 0.0638572
-0.763764 0.0641709 0.0641709
-0.761762 0.0644869 0.0644869
-0.75976 0.0648052 0.0648051
-0.757758 0.0651257 0.0651257
-0.755756 0.0654486 0.0654486
-0.753754 0.0657738 0.0657738
-0.751752 0.0661014 0.0661014
-0.74975 0.0664314 0.0664314
-0.747748 0.0667638 0.0667638
-0.745746 0.0670987 0.0670987
-0.743744 0.067436 0.067436
-0.741742 0.0677758 0.0677758
-0.73974 0.0681182 0.0681181
-0.737738 0.068463 0.068463
-0.735736 0.0688104 0.0688104
-0.733734 0.0691605 0.0691604
-0.731732 0.0695131 0.0695131
-0.72973 0.0698683 0.0698683
-0.727728 0.0702262 0.0702262
-0.725726 0.0705868 0.0705868
-0.723724 0.0709502 0.0709502
-0.721722 0.0713162 0.0713162
-0.71972 0.071685 0.071685
-0.717718 0.0720567 0.0720566
-0.715716 0.0724311 0.0724311
-0.713714 0.0728084 0.0728084
-0.711712 0.0731886 0.0731885
-0.70971 0.0735716 0.0735716
-0.707708 0.0739576 0.0739576
-0.705706 0.0743466 0.0743466
-0.703704 0.0747386 0.0747386
-0.701702 0.0751336 0.0751336
-0.6997 0.0755316 0.0755316
-0.697698 0.0759327 0.0759327
-0.695696 0.076337 0.076337
-0.693694 0.0767444 0.0767443
-0.691692 0.0771549 0.0771549
-0.68969 0.0775687 0.0775687
-0.687688 0.0779857 0.0779857
-0.685686 0.078406 0.078406
-0.683684 0.0788296 0.0788296
-0.681682 0.0792566 0.0792566
-0.67968 0.0796869 0.0796869
-0.677678 0.0801207 0.0801207
-0.675676 0.0805578 0.0805578
-0.673674 0.0809985 0.0809985
-0.671672 0.0814427 0.0814427
-0.66967 0.0818904 0.0818904
-0.667668 0.0823418 0.0823418
-0.665666 0.0827967 0.0827967
-0.663664 0.0832554 0.0832553
-0.661662 0.0837177 0.0837177
-0.65966 0.0841838 0.0841838
-0.657658 0.0846536 0.0846536
-0.655656 0.0851273 0.0851273
-0.653654 0.0856049 0.0856049
-0.651652 0.0860863 0.0860863
-0.64965 0.0865717 0.0865717
-0.647648 0.0870611 0.0870611
-0.645646 0.0875545 0.0875545
-0.643644 0.088052 0.088052
-0.641642 0.0885536 0.0885535
-0.63964 0.0890593 0.0890593
-0.637638 0.0895693 0.0895692
-0.635636 0.0900835 0.0900834
-0.633634 0.090602 0.0906019
-0.631632 0.0911248 0.0911248
-0.62963 0.091652 0.091652
-0.627628 0.0921836 0.0921836
-0.625626 0.0927198 0.0927198
-0.623624 0.0932604 0.0932604
-0.621622 0.0938057 0.0938057
-0.61962 0.0943555 0.0943555
-0.617618 0.0949101 0.0949101
-0.615616 0.0954694 0.0954693
-0.613614 0.0960334 0.0960334
-0.611612 0.0966023 0.0966023
-0.60961 0.0971761 0.0971761
-0.607608 0.0977548 0.0977548
-0.605606 0.0983385 0.0983385
-0.603604 0.0989273 0.0989273
-0.601602 0.0995212 0.0995212
-0.5996 0.10012 0.10012
-0.597598 0.100724 0.100724
-0.595596 0.101334 0.101334
-0.593594 0.101949 0.101949
-0.591592 0.102569 0.102569
-0.58959 0.103195 0.103195
-0.587588 0.103826 0.103826
-0.585586 0.104463 0.104463
-0.583584 0.105106 0.105106
-0.581582 0.105754 0.105754
-0.57958 0.106408 0.106408
-0.577578 0.107068 0.107068
-0.575576 0.107733 0.107733
-0.573574 0.108405 0.108405
-0.571572 0.109083 0.109083
-0.56957 0.109767 0.109767
-0.567568 0.110457 0.110457
-0.565566 0.111153 0.111153
-0.563564 0.111856 0.111856
-0.561562 0.112565 0.112565
-0.55956 0.11328 0.11328
-0.557558 0.114002 0.114002
-0.555556 0.114731 0.114731
-0.553554 0.115466 0.115466
-0.551552 0.116208 0.116208
-0.54955 0.116957 0.116957
-0.547548 0.117713 0.117713
-0.545546 0.118476 0.118476
-0.543544 0.119247 0.119246
-0.541542 0.120024 0.120024
-0.53954 0.120808 0.120808
-0.537538 0.1216 0.1216
-0.535536 0.1224 0.1224
-0.533534 0.123207 0.123207
-0.531532 0.124021 0.124021
-0.52953 0.124843 0.124843
-0.527528 0.125673 0.125673
-0.525526 0.126511 0.126511
-0.523524 0.127357 0.127357
-0.521522 0.128211 0.128211
-0.51952 0.129074 0.129074
-0.517518 0.129944 0.129944
-0.515516 0.130823 0.130823
-0.513514 0.131711 0.131711
-0.511512 0.132607 0.132607
-0.50951 0.133511 0.133511
-0.507508 0.134425 0.134425
-0.505506 0.135347 0.135347
-0.503504 0.136279 0.136279
-0.501502 0.13722 0.137219
-0.499499 0.138169 0.138169
-0.497497 0.139129 0.139129
-0.495495 0.140097 0.140097
-0.493493 0.141076 0.141076
-0.491491 0.142064 0.142064
-0.489489 0.143062 0.143061
-0.487487 0.144069 0.144069
-0.485485 0.145087 0.145087
-0.483483 0.146115 0.146115
-0.481481 0.147154 0.147154
-0.479479 0.148203 0.148203
-0.477477 0.149262 0.149262
-0.475475 0.150332 0.150332
-0.473473 0.151414 0.151414
-0.471471 0.152506 0.152506
-0.469469 0.153609 0.153609
-0.467467 0.154723 0.154723
-0.465465 0.155849 0.155849
-0.463463 0.156987 0.156987
-0.461461 0.158136 0.158136
-0.459459 0.159297 0.159297
-0.457457 0.16047 0.16047
-0.455455 0.161656 0.161656
-0.453453 0.162853 0.162853
-0.451451 0.164063 0.164063
-0.449449 0.165286 0.165286
-0.447447 0.166522 0.166521
-0.445445 0.16777 0.16777
-0.443443 0.169032 0.169032
-0.441441 0.170307 0.170306
-0.439439 0.171595 0.171595
-0.437437 0.172897 0.172897
-0.435435 0.174213 0.174213
-0.433433 0.175543 0.175543
-0.431431 0.176887 0.176887
-0.429429 0.178245 0.178245
-0.427427 0.179619 0.179618
-0.425425 0.181006 0.181006
-0.423423 0.182409 0.182409
-0.421421 0.183827 0.183827
-0.419419 0.18526 0.18526
-0.417417 0.186709 0.186709
-0.415415 0.188173 0.188173
-0.413413 0.189654 0.189654
-0.411411 0.19115 0.19115
-0.409409 0.192663 0.192663
-0.407407 0.194193 0.194193
-0.405405 0.195739 0.195739
-0.403403 0.197303 0.197303
-0.401401 0.198883 0.198883
-0.399399 0.200481 0.200481
-0.397397 0.202097 0.202097
-0.395395 0.203731 0.203731
-0.393393 0.205383 0.205383
-0.391391 0.207053 0.207053
-0.389389 0.208742 0.208742
-0.387387 0.21045 0.21045
-0.385385 0.212177 0.212177
-0.383383 0.213923 0.213923
-0.381381 0.21569 0.215689
-0.379379 0.217476 0.217475
-0.377377 0.219282 0.219282
-0.375375 0.221108 0.221108
-0.373373 0.222956 0.222956
-0.371371 0.224824 0.224824
-0.369369 0.226714 0.226714
-0.367367 0.228625 0.228625
-0.365365 0.230558 0.230558
-0.363363 0.232514 0.232513
-0.361361 0.234491 0.234491
-0.359359 0.236492 0.236491
-0.357357 0.238515 0.238515
-0.355355 0.240562 0.240562
-0.353353 0.242632 0.242632
-0.351351 0.244726 0.244726
-0.349349 0.246845 0.246845
-0.347347 0.248988 0.248988
-0.345345 0.251156 0.251156
-0.343343 0.25335 0.253349
-0.341341 0.255568 0.255568
-0.339339 0.257813 0.257813
-0.337337 0.260084 0.260084
-0.335335 0.262381 0.262381
-0.333333 0.264706 0.264706
-0.331331 0.267058 0.267057
-0.329329 0.269437 0.269437
-0.327327 0.271844 0.271844
-0.325325 0.27428 0.27428
-0.323323 0.276744 0.276744
-0.321321 0.279237 0.279237
-0.319319 0.28176 0.28176
-0.317317 0.284312 0.284312
-0.315315 0.286895 0.286895
-0.313313 0.289508 0.289508
-0.311311 0.292153 0.292152
-0.309309 0.294828 0.294828
-0.307307 0.297535 0.297535
-0.305305 0.300275 0.300275
-0.303303 0.303047 0.303047
-0.301301 0.305851 0.305851
-0.299299 0.308689 0.308689
-0.297297 0.311561 0.311561
-0.295295 0.314467 0.314467
-0.293293 0.317408 0.317407
-0.291291 0.320383 0.320383
-0.289289 0.323394 0.323393
-0.287287 0.32644 0.32644
-0.285285 0.329523 0.329523
-0.283283 0.332642 0.332642
-0.281281 0.335798 0.335798
-0.279279 0.338992 0.338992
-0.277277 0.342223 0.342223
-0.275275 0.345493 0.345493
-0.273273 0.348802 0.348802
-0.271271 0.35215 0.35215
-0.269269 0.355537 0.355537
-0.267267 0.358964 0.358964
-0.265265 0.362432 0.362432
-0.263263 0.36594 0.36594
-0.261261 0.36949 0.36949
-0.259259 0.373081 0.373081
-0.257257 0.376714 0.376714
-0.255255 0.38039 0.38039
-0.253253 0.384109 0.384109
-0.251251 0.387871 0.387871
-0.249249 0.391676 0.391676
-0.247247 0.395526 0.395526
-0.245245 0.39942 0.39942
-0.243243 0.403359 0.403359
-0.241241 0.407343 0.407344
-0.239239 0.411373 0.411373
-0.237237 0.415448 0.415449
-0.235235 0.41957 0.419571
-0.233233 0.423739 0.423739
-0.231231 0.427954 0.427955
-0.229229 0.432217 0.432217
-0.227227 0.436528 0.436528
-0.225225 0.440886 0.440886
-0.223223 0.445292 0.445293
-0.221221 0.449747 0.449748
-0.219219 0.454251 0.454252
-0.217217 0.458803 0.458804
-0.215215 0.463405 0.463406
-0.213213 0.468056 0.468057
-0.211211 0.472756 0.472758
-0.209209 0.477506 0.477507
-0.207207 0.482306 0.482307
-0.205205 0.487156 0.487157
-0.203203 0.492056 0.492056
-0.201201 0.497006 0.497006
-0.199199 0.502006 0.502006
-0.197197 0.507056 0.507057
-0.195195 0.512156 0.512157
-0.193193 0.517306 0.517308
-0.191191 0.522506 0.522509
-0.189189 0.527756 0.527759
-0.187187 0.533056 0.533058
-0.185185 0.538405 0.538407
-0.183183 0.543803 0.543804
-0.181181 0.54925 0.549251
-0.179179 0.554745 0.554746
-0.177177 0.560289 0.560289
-0.175175 0.56588 0.56588
-0.173173 0.571519 0.571519
-0.171171 0.577204 0.577206
-0.169169 0.582936 0.582938
-0.167167 0.588713 0.588716
-0.165165 0.594534 0.594538
-0.163163 0.6004 0.600404
-0.161161 0.606309 0.606313
-0.159159 0.612261 0.612264
-0.157157 0.618254 0.618256
-0.155155 0.624287 0.624288
-0.153153 0.630359 0.63036
-0.151151 0.63647 0.63647
-0.149149 0.642617 0.642617
-0.147147 0.6488 0.648801
-0.145145 0.655017 0.65502
-0.143143 0.661267 0.661271
-0.141141 0.667548 0.667553
-0.139139 0.673858 0.673864
-0.137137 0.680196 0.680202
-0.135135 0.68656 0.686565
-0.133133 0.692947 0.692952
-0.131131 0.699357 0.69936
-0.129129 0.705787 0.705789
-0.127127 0.712234 0.712235
-0.125125 0.718697 0.718697
-0.123123 0.725172 0.725173
-0.121121 0.731658 0.73166
-0.119119 0.738152 0.738156
-0.117117 0.744651 0.744657
-0.115115 0.751153 0.751159
-0.113113 0.757654 0.757661
-0.111111 0.764151 0.764158
-0.109109 0.770642 0.770648
-0.107107 0.777123 0.777127
-0.105105 0.78359 0.783593
-0.103103 0.790042 0.790043
-0.101101 0.796473 0.796473
-0.0990991 0.80288 0.80288
-0.0970971 0.80926 0.809261
-0.0950951 0.81561 0.815611
-0.0930931 0.821924 0.821927
-0.0910911 0.828199 0.828203
-0.0890891 0.834431 0.834436
-0.0870871 0.840616 0.840622
-0.0850851 0.84675 0.846755
-0.0830831 0.852828 0.852832
-0.0810811 0.858846 0.85885
-0.0790791 0.864799 0.864802
-0.0770771 0.870684 0.870686
-0.0750751 0.876496 0.876496
-0.0730731 0.88223 0.882229
-0.0710711 0.887881 0.88788
-0.0690691 0.893445 0.893444
-0.0670671 0.898917 0.898916
-0.0650651 0.904293 0.904292
-0.0630631 0.909567 0.909567
-0.0610611 0.914736 0.914737
-0.0590591 0.919795 0.919795
-0.0570571 0.924738 0.924739
-0.0550551 0.929561 0.929563
-0.0530531 0.93426 0.934261
-0.0510511 0.93883 0.938831
-0.049049 0.943267 0.943266
-0.047047 0.947566 0.947563
-0.045045 0.951723 0.951717
-0.043043 0.955733 0.955726
-0.041041 0.959592 0.959584
-0.039039 0.963297 0.963288
-0.037037 0.966844 0.966835
-0.035035 0.970227 0.97022
-0.033033 0.973445 0.973439
-0.031031 0.976493 0.976489
-0.029029 0.979368 0.979366
-0.027027 0.982066 0.982066
-0.025025 0.984585 0.984585
-0.023023 0.986922 0.98692
-0.021021 0.989074 0.989068
-0.019019 0.991038 0.991028
-0.017017 0.992813 0.9928
-0.015015 0.994395 0.99438
-0.013013 0.995784 0.995768
-0.011011 0.996978 0.996963
-0.00900901 0.997975 0.997962
-0.00700701 0.998774 0.998764
-0.00500501 0.999374 0.999368
-0.003003 0.999775 0.999772
-0.001001 0.999975 0.999975
0.001001 0.999975 0.999975
0.003003 0.999775 0.999772
0.00500501 0.999374 0.999368
0.00700701 0.998774 0.998764
0.00900901 0.997975 0.997962
0.011011 0.996978 0.996963
0.013013 0.995784 0.995768
0.015015 0.994395 0.99438
0.017017 0.992813 0.9928
0.019019 0.991038 0.991028
0.021021 0.989074 0.989068
0.023023 0.986922 0.98692
0.025025 0.984585 0.984585
0.027027 0.982066 0.982066
0.029029 0.979368 0.979366
0.031031 0.976493 0.976489
0.033033 0.973445 0.973439
0.035035 0.970227 0.97022
0.037037 0.966844 0.966835
0.039039 0.963297 0.963288
0.041041 0.959592 0.959584
0.043043 0.955733 0.955726
0.045045 0.951723 0.951717
0.047047 0.947566 0.947563
0.049049 0.943267 0.943266
0.0510511 0.93883 0.938831
0.0530531 0.93426 0.934261
0.0550551 0.929561 0.929563
0.0570571 0.924738 0.924739
0.0590591 0.919795 0.919795
0.0610611 0.914736 0.914737
0.0630631 0.909567 0.909567
0.0650651 0.904293 0.904292
0.0670671 0.898917 0.898916
0.0690691 0.893445 0.893444
0.0710711 0.887881 0.88788
0.0730731 0.88223 0.882229
0.0750751 0.876496 0.876496
0.0770771 0.870684 0.870686
0.0790791 0.864799 0.864802
0.0810811 0.858846 0.85885
0.0830831 0.852828 0.852832
0.0850851 0.84675 0.846755
0.0870871 0.840616 0.840622
0.0890891 0.834431 0.834436
0.0910911 0.828199 0.828203
0.0930931 0.821924 0.821927
0.0950951 0.81561 0.815611
0.0970971 0.80926 0.809261
0.0990991 0.80288 0.80288
0.101101 0.796473 0.796473
0.103103 0.790042 0.790043
0.105105 0.78359 0.783593
0.107107 0.777123 0.777127
0.109109 0.770642 0.770648
0.111111 0.764151 0.764158
0.113113 0.757654 0.757661
0.115115 0.751153 0.751159
0.117117 0.744651 0.744657
0.119119 0.738152 0.738156
0.121121 0.731658 0.73166
0.123123 0.725172 0.725173
0.125125 0.718697 0.718697
0.127127 0.712234 0.712235
0.129129 0.705787 0.705789
0.131131 0.699357 0.69936
0.133133 0.692947 0.692952
0.135135 0.68656 0.686565
0.137137 0.680196 0.680202
0.139139 0.673858 0.673864
0.141141 0.667548 0.667553
0.143143 0.661267 0.661271
0.145145 0.655017 0.65502
0.147147 0.6488 0.648801
0.149149 0.642617 0.642617
0.151151 0.63647 0.63647
0.153153 0.630359 0.63036
0.155155 0.624287 0.624288
0.157157 0.618254 0.618256
0.159159 0.612261 0.612264
0.161161 0.606309 0.606313
0.163163 0.6004 0.600404
0.165165 0.594534 0.594538
0.167167 0.588713 0.588716
0.169169 0.582936 0.582938
0.171171 0.577204 0.577206
0.173173 0.571519 0.571519
0.175175 0.56588 0.56588
0.177177 0.560289 0.560289
0.179179 0.554745 0.554746
0.181181 0.54925 0.549251
0.183183 0.543803 0.543804
0.185185 0.538405 0.538407
0.187187 0.533056 0.533058
0.189189 0.527756 0.527759
0.191191 0.522506 0.522509
0.193193 0.517306 0.517308
0.195195 0.512156 0.512157
0.197197 0.507056 0.507057
0.199199 0.502006 0.502006
0.201201 0.497006 0.497006
0.203203 0.492056 0.492056
0.205205 0.487156 0.487157
0.207207 0.482306 0.482307
0.209209 0.477506 0.477507
0.211211 0.472756 0.472758
0.213213 0.468056 0.468057
0.215215 0.463405 0.463406
0.217217 0.458803 0.458804
0.219219 0.454251 0.454252
0.221221 0.449747 0.449748
0.223223 0.445292 0.445293
0.225225 0.440886 0.440886
0.227227 0.436528 0.436528
0.229229 0.432217 0.432217
0.231231 0.427954 0.427955
0.233233 0.423739 0.423739
0.235235 0.41957 0.419571
0.237237 0.415448 0.415449
0.239239 0.411373 0.411373
0.241241 0.407343 0.407344
0.243243 0.403359 0.403359
0.245245 0.39942 0.39942
0.247247 0.395526 0.395526
0.249249 0.391676 0.391676
0.251251 0.387871 0.387871
0.253253 0.384109 0.384109
0.255255 0.38039 0.38039
0.257257 0.376714 0.376714
0.259259 0.373081 0.373081
0.261261 0.36949 0.36949
0.263263 0.36594 0.36594
0.265265 0.362432 0.362432
0.267267 0.358964 0.358964
0.269269 0.355537 0.355537
0.271271 0.35215 0.35215
0.273273 0.348802 0.348802
0.275275 0.345493 0.345493
0.277277 0.342223 0.342223
0.279279 0.338992 0.338992
0.281281 0.335798 0.335798
0.283283 0.332642 0.332642
0.285285 0.329523 0.329523
0.287287 0.32644 0.32644
0.289289 0.323394 0.323393
0.291291 0.320383 0.320383
0.293293 0.317408 0.317407
0.295295 0.314467 0.314467
0.297297 0.311561 0.311561
0.299299 0.308689 0.308689
0.301301 0.305851 0.305851
0.303303 0.303047 0.303047
0.305305 0.300275 0.300275
0.307307 0.297535 0.297535
0.309309 0.294828 0.294828
0.311311 0.292153 0.292152
0.313313 0.289508 0.289508
0.315315 0.286895 0.286895
0.317317 0.284312 0.284312
0.319319 0.28176 0.28176
0.321321 0.279237 0.279237
0.323323 0.276744 0.276744
0.325325 0.27428 0.27428
0.327327 0.271844 0.271844
0.329329 0.269437 0.269437
0.331331 0.267058 0.267057
0.333333 0.264706 0.264706
0.335335 0.262381 0.262381
0.337337 0.260084 0.260084
0.339339 0.257813 0.257813
0.341341 0.255568 0.255568
0.343343 0.25335 0.253349
0.345345 0.251156 0.251156
0.347347 0.248988 0.248988
0.349349 0.246845 0.246845
0.351351 0.244726 0.244726
0.353353 0.242632 0.242632
0.355355 0.240562 0.240562
0.357357 0.238515 0.238515
0.359359 0.236492 0.236491
0.361361 0.234491 0.234491
0.363363 0.232514 0.232513
0.365365 0.230558 0.230558
0.367367 0.228625 0.228625
0.369369 0.226714 0.226714
0.371371 0.224824 0.224824
0.373373 0.222956 0.222956
0.375375 0.221108 0.221108
0.377377 0.219282 0.219282
0.379379 0.217476 0.217475
0.381381 0.21569 0.215689
0.383383 0.213923 0.213923
0.385385 0.212177 0.212177
0.387387 0.21045 0.21045
0.389389 0.208742 0.208742
0.391391 0.207053 0.207053
0.393393 0.205383 0.205383
0.395395 0.203731 0.203731
0.397397 0.202097 0.202097
0.399399 0.200481 0.200481
0.401401 0.198883 0.198883
0.403403 0.197303 0.197303
0.405405 0.195739 0.195739
0.407407 0.194193 0.194193
0.409409 0.192663 0.192663
0.411411 0.19115 0.19115
0.413413 0.189654 0.189654
0.415415 0.188173 0.188173
0.417417 0.186709 0.186709
0.419419 0.18526 0.18526
0.421421 0.183827 0.183827
0.423423 0.182409 0.182409
0.425425 0.181006 0.181006
0.427427 0.179619 0.179618
0.429429 0.178245 0.178245
0.431431 0.176887 0.176887
0.433433 0.175543 0.175543
0.435435 0.174213 0.174213
0.437437 0.172897 0.172897
0.439439 0.171595 0.171595
0.441441 0.170307 0.170306
0.443443 0.169032 0.169032
0.445445 0.16777 0.16777
0.447447 0.166522 0.166521
0.449449 0.165286 0.165286
0.451451 0.164063 0.164063
0.453453 0.162853 0.162853
0.455455 0.161656 0.161656
0.457457 0.16047 0.16047
0.459459 0.159297 0.159297
0.461461 0.158136 0.158136
0.463463 0.156987 0.156987
0.465465 0.155849 0.155849
0.467467 0.154723 0.154723
0.469469 0.153609 0.153609
0.471471 0.152506 0.152506
0.473473 0.151414 0.151414
0.475475 0.150332 0.150332
0.477477 0.149262 0.149262
0.479479 0.148203 0.148203
0.481481 0.147154 0.147154
0.483483 0.146115 0.146115
0.485485 0.145087 0.145087
0.487487 0.144069 0.144069
0.489489 0.143062 0.143061
0.491491 0.142064 0.142064
0.493493 0.141076 0.141076
0.495495 0.140097 0.140097
0.497497 0.139129 0.139129
0.499499 0.138169 0.138169
0.501502 0.13722 0.137219
0.503504 0.136279 0.136279
0.505506 0.135347 0.135347
0.507508 0.134425 0.134425
0.50951 0.133511 0.133511
0.511512 0.132607 0.132607
0.513514 0.131711 0.131711
0.515516 0.130823 0.130823
0.517518 0.129944 0.129944
0.51952 0.129074 0.129074
0.521522 0.128211 0.128211
0.523524 0.127357 0.127357
0.525526 0.126511 0.126511
0.527528 0.125673 0.125673
0.52953 0.124843 0.124843
0.531532 0.124021 0.124021
0.533534 0.123207 0.123207
0.535536 0.1224 0.1224
0.537538 0.1216 0.1216
0.53954 0.120808 0.120808
0.541542 0.120024 0.120024
0.543544 0.119247 0.119246
0.545546 0.118476 0.118476
0.547548 0.117713 0.117713
0.54955 0.116957 0.116957
0.551552 0.116208 0.116208
0.553554 0.115466 0.115466
0.555556 0.114731 0.114731
0.557558 0.114002 0.114002
0.55956 0.11328 0.11328
0.561562 0.112565 0.112565
0.563564 0.111856 0.111856
0.565566 0.111153 0.111153
0.567568 0.110457 0.110457
0.56957 0.109767 0.109767
0.571572 0.109083 0.109083
0.573574 0.108405 0.108405
0.575576 0.107733 0.107733
0.577578 0.107068 0.107068
0.57958 0.106408 0.106408
0.581582 0.105754 0.105754
0.583584 0.105106 0.105106
0.585586 0.104463 0.104463
0.587588 0.103826 0.103826
0.58959 0.103195 0.103195
0.591592 0.102569 0.102569
0.593594 0.101949 0.101949
0.595596 0.101334 0.101334
0.597598 0.100724 0.100724
0.5996 0.10012 0.10012
0.601602 0.0995212 0.0995212
0.603604 0.0989273 0.0989273
0.605606 0.0983385 0.0983385
0.607608 0.0977548 0.0977548
0.60961 0.0971761 0.0971761
0.611612 0.0966023 0.0966023
0.613614 0.0960334 0.0960334
0.615616 0.0954694 0.0954693
0.617618 0.0949101 0.0949101
0.61962 0.0943555 0.0943555
0.621622 0.0938057 0.0938057
0.623624 0.0932604 0.0932604
0.625626 0.0927198 0.0927198
0.627628 0.0921836 0.0921836
0.62963 0.091652 0.091652
0.631632 0.0911248 0.0911248
0.633634 0.090602 0.0906019
0.635636 0.0900835 0.0900834
0.637638 0.0895693 0.0895692
0.63964 0.0890593 0.0890593
0.641642 0.0885536 0.0885535
0.643644 0.088052 0.088052
0.645646 0.0875545 0.0875545
0.647648 0.0870611 0.0870611
0.64965 0.0865717 0.0865717
0.651652 0.0860863 0.0860863
0.653654 0.0856049 0.0856049
0.655656 0.0851273 0.0851273
0.657658 0.0846536 0.0846536
0.65966 0.0841838 0.0841838
0.661662 0.0837177 0.0837177
0.663664 0.0832554 0.0832553
0.665666 0.0827967 0.0827967
0.667668 0.0823418 0.0823418
0.66967 0.0818904 0.0818904
0.671672 0.0814427 0.0814427
0.673674 0.0809985 0.0809985
0.675676 0.0805578 0.0805578
0.677678 0.0801207 0.0801207
0.67968 0.0796869 0.0796869
0.681682 0.0792566 0.0792566
0.683684 0.0788296 0.0788296
0.685686 0.078406 0.078406
0.687688 0.0779857 0.0779857
0.68969 0.0775687 0.0775687
0.691692 0.0771549 0.0771549
0.693694 0.0767444 0.0767443
0.695696 0.076337 0.076337
0.697698 0.0759327 0.0759327
0.6997 0.0755316 0.0755316
0.701702 0.0751336 0.0751336
0.703704 0.0747386 0.0747386
0.705706 0.0743466 0.0743466
0.707708 0.0739576 0.0739576
0.70971 0.0735716 0.0735716
0.711712 0.0731886 0.0731885
0.713714 0.0728084 0.0728084
0.715716 0.0724311 0.0724311
0.717718 0.0720567 0.0720566
0.71972 0.071685 0.071685
0.721722 0.0713162 0.0713162
0.723724 0.0709502 0.0709502
0.725726 0.0705868 0.0705868
0.727728 0.0702262 0.0702262
0.72973 0.0698683 0.0698683
0.731732 0.0695131 0.0695131
0.733734 0.0691605 0.0691604
0.735736 0.0688104 0.0688104
0.737738 0.068463 0.068463
0.73974 0.0681182 0.0681181
0.741742 0.0677758 0.0677758
0.743744 0.067436 0.067436
0.745746 0.0670987 0.0670987
0.747748 0.0667638 0.0667638
0.74975 0.0664314 0.0664314
0.751752 0.0661014 0.0661014
0.753754 0.0657738 0.0657738
0.755756 0.0654486 0.0654486
0.757758 0.0651257 0.0651257
0.75976 0.0648052 0.0648051
0.761762 0.0644869 0.0644869
0.763764 0.0641709 0.0641709
0.765766 0.0638572 0.0638572
0.767768 0.0635458 0.0635458
0.76977 0.0632366 0.0632366
0.771772 0.0629295 0.0629295
0.773774 0.0626247 0.0626247
0.775776 0.062322 0.062322
0.777778 0.0620214 0.0620214
0.77978 0.061723 0.061723
0.781782 0.0614267 0.0614267
0.783784 0.0611324 0.0611324
0.785786 0.0608403 0.0608403
0.787788 0.0605501 0.0605501
0.78979 0.060262 0.060262
0.791792 0.0599759 0.0599759
0.793794 0.0596918 0.0596918
0.795796 0.0594097 0.0594097
0.797798 0.0591295 0.0591295
0.7998 0.0588512 0.0588512
0.801802 0.0585749 0.0585749
0.803804 0.0583005 0.0583005
0.805806 0.0580279 0.0580279
0.807808 0.0577573 0.0577573
0.80981 0.0574885 0.0574884
0.811812 0.0572215 0.0572215
0.813814 0.0569563 0.0569563
0.815816 0.0566929 0.0566929
0.817818 0.0564313 0.0564313
0.81982 0.0561715 0.0561715
0.821822 0.0559135 0.0559135
0.823824 0.0556572 0.0556572
0.825826 0.0554026 0.0554026
0.827828 0.0551497 0.0551497
0.82983 0.0548985 0.0548985
0.831832 0.054649 0.054649
0.833834 0.0544011 0.0544011
0.835836 0.0541549 0.0541549
0.837838 0.0539104 0.0539104
0.83984 0.0536674 0.0536674
0.841842 0.0534261 0.0534261
0.843844 0.0531864 0.0531864
0.845846 0.0529482 0.0529482
0.847848 0.0527116 0.0527116
0.84985 0.0524766 0.0524766
0.851852 0.0522431 0.0522431
0.853854 0.0520111 0.0520111
0.855856 0.0517807 0.0517806
0.857858 0.0515517 0.0515517
0.85986 0.0513242 0.0513242
0.861862 0.0510982 0.0510982
0.863864 0.0508737 0.0508737
0.865866 0.0506506 0.0506506
0.867868 0.050429 0.050429
0.86987 0.0502088 0.0502088
0.871872 0.04999 0.04999
0.873874 0.0497726 0.0497726
0.875876 0.0495566 0.0495566
0.877878 0.0493419 0.0493419
0.87988 0.0491287 0.0491287
0.881882 0.0489168 0.0489168
0.883884 0.0487062 0.0487062
0.885886 0.048497 0.048497
0.887888 0.0482891 0.0482891
0.88989 0.0480825 0.0480825
0.891892 0.0478772 0.0478772
0.893894 0.0476732 0.0476732
0.895896 0.0474705 0.0474705
0.897898 0.047269 0.047269
0.8999 0.0470688 0.0470688
0.901902 0.0468699 0.0468698
0.903904 0.0466721 0.0466721
0.905906 0.0464757 0.0464756
0.907908 0.0462804 0.0462803
0.90991 0.0460863 0.0460862
0.911912 0.0458935 0.0458934
0.913914 0.0457018 0.0457017
0.915916 0.0455113 0.0455112
0.917918 0.045322 0.0453219
0.91992 0.0451339 0.0451338
0.921922 0.0449468 0.0449468
0.923924 0.044761 0.044761
0.925926 0.0445763 0.0445763
0.927928 0.0443926 0.0443927
0.92993 0.0442101 0.0442103
0.931932 0.0440288 0.044029
0.933934 0.0438485 0.0438488
0.935936 0.0436693 0.0436697
0.937938 0.0434911 0.0434916
0.93994 0.0433141 0.0433145
0.941942 0.0431381 0.0431385
0.943944 0.0429632 0.0429636
0.945946 0.0427893 0.0427896
0.947948 0.0426164 0.0426166
0.94995 0.0424446 0.0424446
0.951952 0.0422738 0.0422736
0.953954 0.042104 0.0421035
0.955956 0.0419352 0.0419344
0.957958 0.0417675 0.0417663
0.95996 0.0416007 0.0415993
0.961962 0.0414349 0.0414333
0.963964 0.04127 0.0412683
0.965966 0.0411062 0.0411044
0.967968 0.0409433 0.0409416
0.96997 0.0407813 0.0407799
0.971972 0.0406203 0.0406193
0.973974 0.0404602 0.0404598
0.975976 0.0403011 0.0403015
0.977978 0.0401429 0.0401443
0.97998 0.0399856 0.0399881
0.981982 0.0398292 0.0398328
0.983984 0.0396737 0.0396783
0.985986 0.0395191 0.0395246
0.987988 0.0393654 0.0393716
0.98999 0.0392126 0.039219
0.991992 0.0390607 0.039067
0.993994 0.0389096 0.0389153
0.995996 0.0387594 0.0387639
0.997998 0.03861 0.0386127
1 0.0384615 0.0384615
