x exact spline1 spline2
-5 0.0384615 0.0384615 nan
-4.97996 0.0387597 0.0388148 nan
-4.95992 0.0390613 0.0391683 nan
-4.93988 0.0393663 0.039522 nan
-4.91984 0.0396749 0.039876 nan
-4.8998 0.0399871 0.0402307 nan
-4.87976 0.040303 0.0405859 nan
-4.85972 0.0406225 0.040942 nan
-4.83968 0.0409459 0.041299 nan
-4.81964 0.041273 0.041657 nan
-4.7996 0.041604 0.0420163 nan
-4.77956 0.0419389 0.0423768 nan
-4.75952 0.0422779 0.0427388 nan
-4.73948 0.0426209 0.0431024 nan
-4.71944 0.0429681 0.0434677 nan
-4.6994 0.0433194 0.0438349 nan
-4.67936 0.043675 0.044204 nan
-4.65932 0.0440349 0.0445753 nan
-4.63928 0.0443992 0.0449488 nan
-4.61924 0.044768 0.0453246 nan
-4.5992 0.0451414 0.045703 nan
-4.57916 0.0455193 0.046084 nan
-4.55912 0.045902 0.0464678 nan
-4.53908 0.0462894 0.0468545 nan
-4.51904 0.0466816 0.0472442 nan
-4.499 0.0470788 0.0476371 0.0470779
-4.47896 0.047481 0.0480333 0.0474596
-4.45892 0.0478883 0.048433 0.0478417
-4.43888 0.0483007 0.0488361 0.0482248
-4.41884 0.0487184 0.049243 0.0486092
-4.3988 0.0491414 0.0496538 0.0489955
-4.37876 0.0495699 0.0500684 0.0493841
-4.35872 0.050004 0.0504872 0.0497754
-4.33868 0.0504436 0.0509102 0.0501699
-4.31864 0.050889 0.0513375 0.050568
-4.2986 0.0513401 0.0517694 0.0509703
-4.27856 0.0517972 0.0522058 0.051377
-4.25852 0.0522603 0.0526471 0.0517888
-4.23848 0.0527296 0.0530932 0.0522061
-4.21844 0.053205 0.0535443 0.0526292
-4.1984 0.0536868 0.0540005 0.0530587
-4.17836 0.0541751 0.0544621 0.053495
-4.15832 0.0546699 0.054929 0.0539386
-4.13828 0.0551714 0.0554015 0.0543899
-4.11824 0.0556797 0.0558797 0.0548494
-4.0982 0.0561949 0.0563637 0.0553174
-4.07816 0.0567171 0.0568536 0.0557946
-4.05812 0.0572465 0.0573496 0.0562813
-4.03808 0.0577832 0.0578518 0.056778
-4.01804 0.0583274 0.0583603 0.0572851
-3.998 0.058879 0.0588753 0.057803
-3.97796 0.0594384 0.059397 0.0583323
-3.95792 0.0600056 0.0599256 0.0588735
-3.93788 0.0605809 0.0604615 0.0594268
-3.91784 0.0611642 0.0610051 0.0599928
-3.8978 0.0617558 0.0615567 0.060572
-3.87776 0.0623558 0.0621166 0.0611648
-3.85772 0.0629645 0.0626853 0.0617717
-3.83768 0.0635819 0.0632629 0.062393
-3.81764 0.0642082 0.06385 0.0630293
-3.7976 0.0648436 0.0644467 0.063681
-3.77756 0.0654882 0.0650536 0.0643486
-3.75752 0.0661423 0.0656709 0.0650325
-3.73747 0.066806 0.0662989 0.0657332
-3.71743 0.0674795 0.066938 0.066451
-3.69739 0.0681629 0.0675886 0.0671866
-3.67735 0.0688566 0.068251 0.0679403
-3.65731 0.0695606 0.0689255 0.0687125
-3.63727 0.0702752 0.0696125 0.0695038
-3.61723 0.0710006 0.0703124 0.0703146
-3.59719 0.071737 0.0710254 0.0711453
-3.57715 0.0724846 0.071752 0.0719964
-3.55711 0.0732436 0.0724924 0.0728683
-3.53707 0.0740143 0.073247 0.0737616
-3.51703 0.074797 0.0740162 0.0746765
-3.49699 0.0755917 0.0748003 0.0756137
-3.47695 0.0763988 0.0755996 0.0765733
-3.45691 0.0772186 0.0764146 0.0775547
-3.43687 0.0780512 0.0772455 0.0785574
-3.41683 0.078897 0.0780926 0.0795807
-3.39679 0.0797562 0.0789564 0.080624
-3.37675 0.0806291 0.0798372 0.0816867
-3.35671 0.081516 0.0807353 0.0827682
-3.33667 0.0824172 0.081651 0.0838679
-3.31663 0.0833329 0.0825848 0.0849851
-3.29659 0.0842636 0.0835369 0.0861192
-3.27655 0.0852094 0.0845077 0.0872696
-3.25651 0.0861707 0.0854975 0.0884357
-3.23647 0.0871478 0.0865068 0.0896169
-3.21643 0.0881411 0.0875357 0.0908125
-3.19639 0.089151 0.0885848 0.092022
-3.17635 0.0901777 0.0896543 0.0932446
-3.15631 0.0912217 0.0907445 0.0944799
-3.13627 0.0922832 0.0918559 0.0957271
-3.11623 0.0933628 0.0929887 0.0969857
-3.09619 0.0944608 0.0941434 0.098255
-3.07615 0.0955775 0.0953201 0.0995344
-3.05611 0.0967135 0.0965194 0.100823
-3.03607 0.0978691 0.0977415 0.102121
-3.01603 0.0990447 0.0989868 0.103427
-2.99599 0.100241 0.100256 0.104741
-2.97595 0.101458 0.101548 0.106062
-2.95591 0.102697 0.102865 0.107389
-2.93587 0.103957 0.104207 0.108722
-2.91583 0.10524 0.105573 0.11006
-2.89579 0.106546 0.106964 0.111402
-2.87575 0.107875 0.108381 0.112749
-2.85571 0.109229 0.109824 0.114099
-2.83567 0.110607 0.111293 0.115451
-2.81563 0.11201 0.112788 0.116806
-2.79559 0.113439 0.11431 0.118162
-2.77555 0.114894 0.115859 0.119519
-2.75551 0.116376 0.117436 0.120876
-2.73547 0.117886 0.11904 0.122233
-2.71543 0.119423 0.120673 0.123588
-2.69539 0.12099 0.122334 0.124942
-2.67535 0.122587 0.124023 0.126294
-2.65531 0.124213 0.125742 0.127643
-2.63527 0.125871 0.12749 0.128988
-2.61523 0.12756 0.129267 0.13033
-2.59519 0.129282 0.131075 0.131666
-2.57515 0.131038 0.132913 0.132997
-2.55511 0.132827 0.134782 0.134323
-2.53507 0.134651 0.136681 0.135641
-2.51503 0.136512 0.138612 0.136953
-2.49499 0.138409 0.140575 0.138256
-2.47495 0.140343 0.142569 0.139553
-2.45491 0.142317 0.144596 0.140849
-2.43487 0.144329 0.146655 0.142149
-2.41483 0.146383 0.148748 0.143459
-2.39479 0.148478 0.150873 0.144784
-2.37475 0.150615 0.153032 0.14613
-2.35471 0.152796 0.155225 0.147502
-2.33467 0.155022 0.157452 0.148907
-2.31463 0.157294 0.159714 0.150349
-2.29459 0.159613 0.162011 0.151834
-2.27455 0.161981 0.164342 0.153368
-2.25451 0.164398 0.16671 0.154956
-2.23447 0.166865 0.169113 0.156604
-2.21443 0.169385 0.171552 0.158318
-2.19439 0.171959 0.174028 0.160102
-2.17435 0.174587 0.17654 0.161963
-2.15431 0.177272 0.17909 0.163905
-2.13427 0.180015 0.181677 0.165936
-2.11423 0.182817 0.184302 0.16806
-2.09419 0.185679 0.186964 0.170282
-2.07415 0.188605 0.189666 0.172609
-2.05411 0.191594 0.192406 0.175045
-2.03407 0.19465 0.195185 0.177597
-2.01403 0.197773 0.198003 0.18027
-1.99399 0.200965 0.200862 0.183069
-1.97395 0.204229 0.203762 0.186001
-1.95391 0.207566 0.206708 0.18907
-1.93387 0.210977 0.209707 0.192282
-1.91383 0.214466 0.212762 0.195644
-1.89379 0.218034 0.21588 0.199159
-1.87375 0.221684 0.219065 0.202835
-1.85371 0.225417 0.222323 0.206675
-1.83367 0.229235 0.225658 0.210687
-1.81363 0.233141 0.229076 0.214876
-1.79359 0.237138 0.232583 0.219246
-1.77355 0.241227 0.236183 0.223805
-1.75351 0.245412 0.239881 0.228556
-1.73347 0.249694 0.243683 0.233507
-1.71343 0.254076 0.247593 0.238661
-1.69339 0.258561 0.251618 0.244026
-1.67335 0.263152 0.255762 0.249606
-1.65331 0.267851 0.26003 0.255407
-1.63327 0.272661 0.264427 0.261435
-1.61323 0.277585 0.26896 0.267695
-1.59319 0.282626 0.273632 0.274193
-1.57315 0.287787 0.27845 0.280934
-1.55311 0.293071 0.283417 0.287924
-1.53307 0.298481 0.28854 0.295168
-1.51303 0.304021 0.293824 0.302672
-1.49299 0.309693 0.299274 0.310442
-1.47295 0.3155 0.304894 0.318476
-1.45291 0.321447 0.310691 0.326764
-1.43287 0.327535 0.316669 0.335295
-1.41283 0.33377 0.322833 0.344058
-1.39279 0.340153 0.329189 0.353041
-1.37275 0.346689 0.335743 0.362232
-1.35271 0.35338 0.342498 0.371622
-1.33267 0.360231 0.34946 0.381198
-1.31263 0.367244 0.356635 0.39095
-1.29259 0.374423 0.364027 0.400866
-1.27255 0.381771 0.371642 0.410935
-1.25251 0.389292 0.379486 0.421146
-1.23246 0.396988 0.387562 0.431487
-1.21242 0.404863 0.395876 0.441947
-1.19238 0.412919 0.404434 0.452515
-1.17234 0.42116 0.413241 0.463181
-1.1523 0.429589 0.422302 0.473931
-1.13226 0.438208 0.431621 0.484756
-1.11222 0.447019 0.441205 0.495645
-1.09218 0.456024 0.451059 0.506585
-1.07214 0.465226 0.461186 0.517566
-1.0521 0.474626 0.471594 0.528576
-1.03206 0.484225 0.482286 0.539605
-1.01202 0.494024 0.493269 0.55064
-0.991984 0.504024 0.504547 0.561671
-0.971944 0.514225 0.516113 0.572687
-0.951904 0.524626 0.527949 0.583676
-0.931864 0.535226 0.540032 0.594627
-0.911824 0.546024 0.552343 0.60553
-0.891784 0.557017 0.564859 0.616371
-0.871743 0.568202 0.57756 0.627141
-0.851703 0.579576 0.590425 0.637829
-0.831663 0.591134 0.603432 0.648422
-0.811623 0.60287 0.616561 0.65891
-0.791583 0.614778 0.629791 0.669281
-0.771543 0.62685 0.6431 0.679525
-0.751503 0.639077 0.656468 0.68963
-0.731463 0.65145 0.669873 0.699584
-0.711423 0.663957 0.683294 0.709378
-0.691383 0.676585 0.696711 0.718998
-0.671343 0.689322 0.710103 0.728435
-0.651303 0.702151 0.723447 0.737676
-0.631263 0.715056 0.736724 0.746712
-0.611222 0.728018 0.749912 0.755529
-0.591182 0.741017 0.762991 0.764118
-0.571142 0.754032 0.775938 0.772467
-0.551102 0.76704 0.788734 0.780565
-0.531062 0.780015 0.801356 0.7884
-0.511022 0.792931 0.813785 0.795962
-0.490982 0.805761 0.825999 0.803239
-0.470942 0.818474 0.837976 0.810225
-0.450902 0.831039 0.849697 0.81692
-0.430862 0.843425 0.861139 0.823324
-0.410822 0.855597 0.872282 0.829436
-0.390782 0.867521 0.883105 0.835258
-0.370741 0.87916 0.893586 0.840789
-0.350701 0.890479 0.903706 0.846028
-0.330661 0.901439 0.913441 0.850977
-0.310621 0.912005 0.922773 0.855634
-0.290581 0.922137 0.931679 0.86
-0.270541 0.931799 0.940138 0.864076
-0.250501 0.940954 0.94813 0.86786
-0.230461 0.949566 0.955634 0.871353
-0.210421 0.9576 0.962627 0.874555
-0.190381 0.965023 0.969091 0.877466
-0.170341 0.971802 0.975002 0.880085
-0.150301 0.977909 0.980341 0.882414
-0.130261 0.983315 0.985085 0.884452
-0.11022 0.987997 0.989215 0.886198
-0.0901804 0.991933 0.99271 0.887654
-0.0701403 0.995104 0.995547 0.888818
-0.0501002 0.997496 0.997706 0.889691
-0.0300601 0.999097 0.999166 0.890273
-0.01002 0.9999 0.999906 0.890564
0.01002 0.9999 0.999906 0.890564
0.0300601 0.999097 0.999166 0.890273
0.0501002 0.997496 0.997706 0.889691
0.0701403 0.995104 0.995547 0.888818
0.0901804 0.991933 0.99271 0.887654
0.11022 0.987997 0.989215 0.886198
0.130261 0.983315 0.985085 0.884452
0.150301 0.977909 0.980341 0.882414
0.170341 0.971802 0.975002 0.880085
0.190381 0.965023 0.969091 0.877466
0.210421 0.9576 0.962627 0.874555
0.230461 0.949566 0.955634 0.871353
0.250501 0.940954 0.94813 0.86786
0.270541 0.931799 0.940138 0.864076
0.290581 0.922137 0.931679 0.86
0.310621 0.912005 0.922773 0.855634
0.330661 0.901439 0.913441 0.850977
0.350701 0.890479 0.903706 0.846028
0.370741 0.87916 0.893586 0.840789
0.390782 0.867521 0.883105 0.835258
0.410822 0.855597 0.872282 0.829436
0.430862 0.843425 0.861139 0.823324
0.450902 0.831039 0.849697 0.81692
0.470942 0.818474 0.837976 0.810225
0.490982 0.805761 0.825999 0.803239
0.511022 0.792931 0.813785 0.795962
0.531062 0.780015 0.801356 0.7884
0.551102 0.76704 0.788734 0.780565
0.571142 0.754032 0.775938 0.772467
0.591182 0.741017 0.762991 0.764118
0.611222 0.728018 0.749912 0.755529
0.631263 0.715056 0.736724 0.746712
0.651303 0.702151 0.723447 0.737676
0.671343 0.689322 0.710103 0.728435
0.691383 0.676585 0.696711 0.718998
0.711423 0.663957 0.683294 0.709378
0.731463 0.65145 0.669873 0.699584
0.751503 0.639077 0.656468 0.68963
0.771543 0.62685 0.6431 0.679525
0.791583 0.614778 0.629791 0.669281
0.811623 0.60287 0.616561 0.65891
0.831663 0.591134 0.603432 0.648422
0.851703 0.579576 0.590425 0.637829
0.871743 0.568202 0.57756 0.627141
0.891784 0.557017 0.564859 0.616371
0.911824 0.546024 0.552343 0.60553
0.931864 0.535226 0.540032 0.594627
0.951904 0.524626 0.527949 0.583676
0.971944 0.514225 0.516113 0.572687
0.991984 0.504024 0.504547 0.561671
1.01202 0.494024 0.493269 0.55064
1.03206 0.484225 0.482286 0.539605
1.0521 0.474626 0.471594 0.528576
1.07214 0.465226 0.461186 0.517566
1.09218 0.456024 0.451059 0.506585
1.11222 0.447019 0.441205 0.495645
1.13226 0.438208 0.431621 0.484756
1.1523 0.429589 0.422302 0.473931
1.17234 0.42116 0.413241 0.463181
1.19238 0.412919 0.404434 0.452515
1.21242 0.404863 0.395876 0.441947
1.23246 0.396988 0.387562 0.431487
1.25251 0.389292 0.379486 0.421146
1.27255 0.381771 0.371642 0.410935
1.29259 0.374423 0.364027 0.400866
1.31263 0.367244 0.356635 0.39095
1.33267 0.360231 0.34946 0.381198
1.35271 0.35338 0.342498 0.371622
1.37275 0.346689 0.335743 0.362232
1.39279 0.340153 0.329189 0.353041
1.41283 0.33377 0.322833 0.344058
1.43287 0.327535 0.316669 0.335295
1.45291 0.321447 0.310691 0.326764
1.47295 0.3155 0.304894 0.318476
1.49299 0.309693 0.299274 0.310442
1.51303 0.304021 0.293824 0.302672
1.53307 0.298481 0.28854 0.295168
1.55311 0.293071 0.283417 0.287924
1.57315 0.287787 0.27845 0.280934
1.59319 0.282626 0.273632 0.274193
1.61323 0.277585 0.26896 0.267695
1.63327 0.272661 0.264427 0.261435
1.65331 0.267851 0.26003 0.255407
1.67335 0.263152 0.255762 0.249606
1.69339 0.258561 0.251618 0.244026
1.71343 0.254076 0.247593 0.238661
1.73347 0.249694 0.243683 0.233507
1.75351 0.245412 0.239881 0.228556
1.77355 0.241227 0.236183 0.223805
1.79359 0.237138 0.232583 0.219246
1.81363 0.233141 0.229076 0.214876
1.83367 0.229235 0.225658 0.210687
1.85371 0.225417 0.222323 0.206675
1.87375 0.221684 0.219065 0.202835
1.89379 0.218034 0.21588 0.199159
1.91383 0.214466 0.212762 0.195644
1.93387 0.210977 0.209707 0.192282
1.95391 0.207566 0.206708 0.18907
1.97395 0.204229 0.203762 0.186001
1.99399 0.200965 0.200862 0.183069
2.01403 0.197773 0.198003 0.18027
2.03407 0.19465 0.195185 0.177597
2.05411 0.191594 0.192406 0.175045
2.07415 0.188605 0.189666 0.172609
2.09419 0.185679 0.186964 0.170282
2.11423 0.182817 0.184302 0.16806
2.13427 0.180015 0.181677 0.165936
2.15431 0.177272 0.17909 0.163905
2.17435 0.174587 0.17654 0.161963
2.19439 0.171959 0.174028 0.160102
2.21443 0.169385 0.171552 0.158318
2.23447 0.166865 0.169113 0.156604
2.25451 0.164398 0.16671 0.154956
2.27455 0.161981 0.164342 0.153368
2.29459 0.159613 0.162011 0.151834
2.31463 0.157294 0.159714 0.150349
2.33467 0.155022 0.157452 0.148907
2.35471 0.152796 0.155225 0.147502
2.37475 0.150615 0.153032 0.14613
2.39479 0.148478 0.150873 0.144784
2.41483 0.146383 0.148748 0.143459
2.43487 0.144329 0.146655 0.142149
2.45491 0.142317 0.144596 0.140849
2.47495 0.140343 0.142569 0.139553
2.49499 0.138409 0.140575 0.138256
2.51503 0.136512 0.138612 0.136953
2.53507 0.134651 0.136681 0.135641
2.55511 0.132827 0.134782 0.134323
2.57515 0.131038 0.132913 0.132997
2.59519 0.129282 0.131075 0.131666
2.61523 0.12756 0.129267 0.13033
2.63527 0.125871 0.12749 0.128988
2.65531 0.124213 0.125742 0.127643
2.67535 0.122587 0.124023 0.126294
2.69539 0.12099 0.122334 0.124942
2.71543 0.119423 0.120673 0.123588
2.73547 0.117886 0.11904 0.122233
2.75551 0.116376 0.117436 0.120876
2.77555 0.114894 0.115859 0.119519
2.79559 0.113439 0.11431 0.118162
2.81563 0.11201 0.112788 0.116806
2.83567 0.110607 0.111293 0.115451
2.85571 0.109229 0.109824 0.114099
2.87575 0.107875 0.108381 0.112749
2.89579 0.106546 0.106964 0.111402
2.91583 0.10524 0.105573 0.11006
2.93587 0.103957 0.104207 0.108722
2.95591 0.102697 0.102865 0.107389
2.97595 0.101458 0.101548 0.106062
2.99599 0.100241 0.100256 0.104741
3.01603 0.0990447 0.0989868 0.103427
3.03607 0.0978691 0.0977415 0.102121
3.05611 0.0967135 0.0965194 0.100823
3.07615 0.0955775 0.0953201 0.0995344
3.09619 0.0944608 0.0941434 0.098255
3.11623 0.0933628 0.0929887 0.0969857
3.13627 0.0922832 0.0918559 0.0957271
3.15631 0.0912217 0.0907445 0.0944799
3.17635 0.0901777 0.0896543 0.0932446
3.19639 0.089151 0.0885848 0.092022
3.21643 0.0881411 0.0875357 0.0908125
3.23647 0.0871478 0.0865068 0.0896169
3.25651 0.0861707 0.0854975 0.0884357
3.27655 0.0852094 0.0845077 0.0872696
3.29659 0.0842636 0.0835369 0.0861192
3.31663 0.0833329 0.0825848 0.0849851
3.33667 0.0824172 0.081651 0.0838679
3.35671 0.081516 0.0807353 0.0827682
3.37675 0.0806291 0.0798372 0.0816867
3.39679 0.0797562 0.0789564 0.080624
3.41683 0.078897 0.0780926 0.0795807
3.43687 0.0780512 0.0772455 0.0785574
3.45691 0.0772186 0.0764146 0.0775547
3.47695 0.0763988 0.0755996 0.0765733
3.49699 0.0755917 0.0748003 0.0756137
3.51703 0.074797 0.0740162 0.0746765
3.53707 0.0740143 0.073247 0.0737616
3.55711 0.0732436 0.0724924 0.0728683
3.57715 0.0724846 0.071752 0.0719964
3.59719 0.071737 0.0710254 0.0711453
3.61723 0.0710006 0.0703124 0.0703146
3.63727 0.0702752 0.0696125 0.0695038
3.65731 0.0695606 0.0689255 0.0687125
3.67735 0.0688566 0.068251 0.0679403
3.69739 0.0681629 0.0675886 0.0671866
3.71743 0.0674795 0.066938 0.066451
3.73747 0.066806 0.0662989 0.0657332
3.75752 0.0661423 0.0656709 0.0650325
3.77756 0.0654882 0.0650536 0.0643486
3.7976 0.0648436 0.0644467 0.063681
3.81764 0.0642082 0.06385 0.0630293
3.83768 0.0635819 0.0632629 0.062393
3.85772 0.0629645 0.0626853 0.0617717
3.87776 0.0623558 0.0621166 0.0611648
3.8978 0.0617558 0.0615567 0.060572
3.91784 0.0611642 0.0610051 0.0599928
3.93788 0.0605809 0.0604615 0.0594268
3.95792 0.0600056 0.0599256 0.0588735
3.97796 0.0594384 0.059397 0.0583323
3.998 0.058879 0.0588753 0.057803
4.01804 0.0583274 0.0583603 0.0572851
4.03808 0.0577832 0.0578518 0.056778
4.05812 0.0572465 0.0573496 0.0562813
4.07816 0.0567171 0.0568536 0.0557946
4.0982 0.0561949 0.0563637 0.0553174
4.11824 0.0556797 0.0558797 0.0548494
4.13828 0.0551714 0.0554015 0.0543899
4.15832 0.0546699 0.054929 0.0539386
4.17836 0.0541751 0.0544621 0.053495
4.1984 0.0536868 0.0540005 0.0530587
4.21844 0.053205 0.0535443 0.0526292
4.23848 0.0527296 0.0530932 0.0522061
4.25852 0.0522603 0.0526471 0.0517888
4.27856 0.0517972 0.0522058 0.051377
4.2986 0.0513401 0.0517694 0.0509703
4.31864 0.050889 0.0513375 0.050568
4.33868 0.0504436 0.0509102 0.0501699
4.35872 0.050004 0.0504872 0.0497754
4.37876 0.0495699 0.0500684 0.0493841
4.3988 0.0491414 0.0496538 0.0489955
4.41884 0.0487184 0.049243 0.0486092
4.43888 0.0483007 0.0488361 0.0482248
4.45892 0.0478883 0.048433 0.0478417
4.47896 0.047481 0.0480333 0.0474596
4.499 0.0470788 0.0476371 0.0470779
4.51904 0.0466816 0.0472442 nan
4.53908 0.0462894 0.0468545 nan
4.55912 0.045902 0.0464678 nan
4.57916 0.0455193 0.046084 nan
4.5992 0.0451414 0.045703 nan
4.61924 0.044768 0.0453246 nan
4.63928 0.0443992 0.0449488 nan
4.65932 0.0440349 0.0445753 nan
4.67936 0.043675 0.044204 nan
4.6994 0.0433194 0.0438349 nan
4.71944 0.0429681 0.0434677 nan
4.73948 0.0426209 0.0431024 nan
4.75952 0.0422779 0.0427388 nan
4.77956 0.0419389 0.0423768 nan
4.7996 0.041604 0.0420163 nan
4.81964 0.041273 0.041657 nan
4.83968 0.0409459 0.041299 nan
4.85972 0.0406225 0.040942 nan
4.87976 0.040303 0.0405859 nan
4.8998 0.0399871 0.0402307 nan
4.91984 0.0396749 0.039876 nan
4.93988 0.0393663 0.039522 nan
4.95992 0.0390613 0.0391683 nan
4.97996 0.0387597 0.0388148 nan
5 0.0384615 0.0384615 nan
